0.156136
0.006209
0.029723
0.021346
0.003904
0.001712
0.002415
0.001818
0.024407
0.000928
0.001445
0.000550
0.000251
0.005159
0.000770
0.001759
0.013228
0.000244
0.008849
0.003211
0.005309
0.048804
0.000418
0.000080
0.000061
0.083695
0.001548
0.001113
0.063444
0.038226
0.003016
0.001640
0.001236
0.000350
0.000348
0.008729
0.011323
0.005187
0.018593
0.003526
0.001722
0.031759
0.000883
0.000040
0.002708
0.008750
0.010486
0.005375
0.005086
0.001283
0.001501
0.001003
0.009340
0.000658
0.001541
0.000470
0.002906
0.000378
0.013737
0.000376
0.001088
0.002819
0.001102
0.000749
0.001123
0.006465
0.078039
0.126246
0.144395
0.049525
0.000207
0.019276
0.003108
0.002255
0.003185
0.000420
0.004181
0.000420
0.013573
0.007127
0.001705
0.001109
0.013242
0.002105
0.004226
0.005492
0.001482
0.010815
0.000129
0.002732
0.006406
0.001090
0.000923
0.001177
0.863606
0.223714
0.004078
0.001729
0.003089
0.004675
0.000470
0.011367
0.001806
0.000298
0.009713
0.000507
0.001351
0.001846
0.001297
0.025844
0.000467
0.016460
0.006258
0.000216
0.018374
0.010780
0.007954
0.000806
0.015191
0.000007
0.005234
0.000923
0.000251
0.000827
0.001741
0.392276
0.220958
0.012746
0.001952
0.026535
0.010270
0.094440
0.017421
0.004221
0.002676
0.213427
0.080327
0.000338
0.015809
0.001630
0.001050
0.006016
0.082892
0.038649
0.002974
0.070712
0.019756
0.007040
0.000599
0.001616
0.001017
0.006108
0.001099
0.000209
0.012316
0.004421
0.001116
0.005255
0.006086
0.000129
0.000493
0.000646
0.001102
0.001189
0.046117
0.014320
0.000552
0.001276
0.000510
0.001149
0.007966
0.000211
0.001109
0.000258
0.003524
0.039361
0.011346
0.000590
0.002126
0.000211
0.000305
0.000169
0.003044
0.000211
0.002610
0.013202
0.022417
0.384139
0.035741
0.005696
0.000550
0.019432
0.011813
0.113646
0.000381
0.003463
0.000926
0.007947
0.005863
0.018468
0.000040
0.083044
0.003571
0.031341
0.003390
0.004311
0.000634
0.000599
0.000047
0.000385
0.011252
0.004527
0.005985
0.342366
0.016939
0.001179
0.007205
0.006655
0.012062
0.090874
0.017132
0.021661
0.009051
0.000169
0.036176
0.000129
0.049981
0.001527
0.080853
0.000550
0.000420
0.011496
0.004903
0.000007
0.001222
0.004604
0.000420
0.014322
0.015633
0.025433
0.005241
0.004534
0.051673
0.008844
0.144033
0.066794
0.000298
0.008353
0.000926
0.000646
0.014092
0.011212
0.008638
0.011360
0.008783
0.001196
0.001846
0.003556
0.013540
0.002133
0.006918
0.003702
0.026512
0.000211
0.065062
0.018191
0.001203
0.000460
0.109439
0.063423
0.035088
0.004508
0.002577
0.000200
0.010630
0.092685
0.087745
0.154891
0.026347
0.058849
0.026707
0.000080
0.006887
0.001757
0.064541
0.002032
0.000592
0.008121
0.005161
0.001268
0.000418
0.011614
0.005769
0.001691
0.000331
0.000200
0.003843
0.000810
0.017703
0.001478
0.003613
0.014588
0.045119
0.002436
0.001177
0.013815
0.005302
0.010832
0.005067
0.000251
0.000381
0.001059
0.005875
0.077491
0.012920
0.046101
0.009483
0.035008
0.000540
0.022835
0.001658
0.009316
0.009056
0.003930
0.000423
0.006354
0.000129
0.000458
0.004689
0.000371
0.008694
0.000973
0.010284
0.001651
0.000331
0.036594
0.055854
0.006895
0.000129
0.003528
0.000576
0.032410
0.000068
0.000420
0.003876
0.004506
0.001835
0.001630
0.300258
0.052779
0.001938
0.040742
0.005751
0.005234
0.000298
0.001649
0.051870
0.005058
0.015840
0.005497
0.115978
0.002777
0.032819
0.001017
0.103805
0.001536
0.021005
0.013000
0.010564
0.000040
0.083867
0.059843
0.017047
0.038076
0.006018
0.003533
0.002225
0.006751
0.002140
0.039657
0.036981
0.003883
0.017973
0.000714
0.000984
0.000883
0.025198
0.001393
0.005344
0.003392
0.005657
0.001186
0.007388
0.000803
0.047294
0.003982
0.000770
0.000599
0.030345
0.006577
0.004921
0.003535
0.004360
0.021891
0.005866
0.000853
0.056002
0.000388
0.003434
0.000209
0.033639
0.003091
0.000599
0.010221
0.000547
0.000341
0.000716
0.002861
0.000975
0.000552
0.005513
0.003885
0.015342
0.005673
0.001034
0.014536
0.000921
0.010287
0.002337
0.000129
0.002716
0.001492
0.003216
0.012899
0.017106
0.000623
0.001355
0.036305
0.000954
0.012206
0.002774
0.008414
0.005751
0.002997
0.000080
0.011670
0.187463
0.007975
0.013742
0.006227
0.009521
0.001144
0.003754
0.015631
0.000211
0.002852
0.003347
0.009237
0.007651
0.013491
0.005363
0.003857
0.001146
0.004170
0.007750
0.000080
0.000789
0.000623
0.002974
0.000728
0.002626
0.000759
0.001017
0.002272
0.000169
0.005403
0.001619
0.000211
0.000679
0.000592
0.004198
0.044301
0.003223
0.000716
0.000120
0.001818
0.003777
0.001560
0.023413
0.005137
0.006667
0.000129
0.003693
0.000209
0.003369
0.004080
0.000169
0.000615
0.000211
0.007672
0.010244
0.003632
0.000169
0.007710
0.010566
0.000792
0.000460
0.004083
0.003486
0.004778
0.002030
0.000500
0.013016
0.000388
0.013019
0.004346
0.004195
0.004353
0.000129
0.007862
0.019702
0.000428
0.001273
0.000684
0.001774
0.000928
0.000129
0.001231
0.001987
0.001064
0.001602
0.511518
0.122556
0.003848
0.000258
0.004306
0.006307
0.003129
0.013977
0.006103
0.009192
0.004280
0.000338
0.005046
0.000341
0.000465
0.009406
0.000355
0.022868
0.009314
0.004287
0.005628
0.017552
0.009986
0.005055
0.015603
0.000388
0.003270
0.001588
0.000258
0.001172
0.004369
0.001588
0.001435
0.000338
0.054454
0.001506
0.020139
0.000080
0.000597
0.000211
0.003101
0.041445
0.007851
0.007024
0.010209
0.072922
0.026028
0.016474
0.008440
0.027564
0.006880
0.023141
0.003136
0.012657
0.006963
0.006079
0.003162
0.000547
0.007766
0.006960
0.006096
0.009070
0.009272
0.000679
0.000378
0.000087
0.023822
0.001569
0.000970
0.000080
0.000176
0.003373
0.000120
0.000129
0.001182
0.000507
0.000639
0.088238
0.031123
0.000942
0.005196
0.000423
0.002415
0.112694
0.022422
0.024571
0.014783
0.020362
0.013230
0.006702
0.003115
0.004489
0.007376
0.002633
0.010728
0.004527
0.000345
0.017080
0.001259
0.002450
0.006117
0.000120
0.000470
0.007456
0.002657
0.002201
0.008565
0.004482
0.002018
0.000963
0.001952
0.001222
0.004273
0.000385
0.008950
0.001355
0.002549
0.002730
0.000129
0.000857
0.026657
0.000129
0.000632
0.002864
0.002283
0.002716
0.001299
0.001900
0.004047
0.002687
0.000235
0.000686
0.001370
0.001715
0.001487
0.000249
0.001245
0.000463
0.001019
0.000388
0.009133
0.000249
0.000425
0.000381
0.001236
0.000341
0.000218
0.000381
0.000120
0.001525
0.000258
0.000251
0.000510
0.002802
0.000040
0.001189
0.000381
0.000007
0.000460
0.000251
0.002878
0.000040
0.410773
0.128783
0.011485
0.033688
0.224679
0.007785
0.000080
0.001071
0.001435
0.013777
0.015762
0.033063
0.000129
0.002222
0.026399
0.003789
0.000768
0.245292
0.013427
0.026415
0.012222
0.005128
0.004705
0.012678
0.003214
0.008189
0.029183
0.008630
0.007435
0.003371
0.007169
0.002748
0.001468
0.046258
0.001285
0.000975
0.014914
0.009107
0.006397
0.012871
0.000256
0.001649
0.008436
0.005715
0.010369
0.010331
0.008659
0.014094
0.014708
0.003105
0.007637
0.000040
0.005790
0.000780
0.000258
0.014038
0.000007
0.047454
0.005680
0.001191
0.006949
0.023108
0.014012
0.010263
0.018344
0.003636
0.000552
0.000592
0.002048
0.000258
0.016589
0.002706
0.000763
0.000341
0.006594
0.000223
0.001059
0.010665
0.002288
0.004762
0.000416
0.000169
0.008757
0.001494
0.000040
0.000211
0.000888
0.000218
0.001062
0.000456
0.001344
0.001482
0.000810
0.001052
0.002680
0.008534
0.000428
0.000686
0.002210
0.002102
0.002051
0.002229
0.000211
0.004080
0.002067
0.002006
0.001186
0.001074
0.000592
0.000341
0.049032
0.000331
0.000129
0.003737
0.006025
0.002025
0.000660
0.002741
0.000169
0.001372
0.001224
0.000420
0.000338
0.001656
0.000550
0.000211
0.000254
0.000467
0.002868
0.002685
0.080021
0.000251
0.002065
0.000094
0.000348
0.010345
0.000216
0.002027
0.000040
0.002018
0.000040
0.000653
0.000040
0.000510
0.000134
0.001069
0.000251
0.007400
0.009138
0.000381
0.000331
0.000385
0.003547
0.000465
0.001976
0.000674
0.000249
0.000428
0.001027
0.000719
0.000933
0.000928
0.000331
0.000007
0.000209
0.000423
0.000211
0.001630
0.000449
0.169518
0.038497
0.029448
0.013855
0.007975
0.023413
0.010716
0.118736
0.000890
0.005591
0.029551
0.004729
0.003012
0.001567
0.003270
0.008844
0.000418
0.000672
0.008086
0.005332
0.005600
0.001301
0.000341
0.054287
0.003672
0.000080
0.002690
0.000754
0.000129
0.000291
0.002995
0.000977
0.022100
0.000381
0.000639
0.000808
0.018358
0.000169
0.000500
0.000129
0.012025
0.000968
0.000129
0.000258
0.000599
0.190357
0.116984
0.067320
0.123004
0.009030
0.027686
0.057418
0.011407
0.005107
0.035109
0.003228
0.129107
0.001954
0.014045
0.004214
0.021818
0.004722
0.036251
0.001452
0.016643
0.036545
0.013268
0.074914
0.003366
0.002871
0.000381
0.001438
0.014470
0.002913
0.003300
0.092001
0.006211
0.017660
0.011102
0.001569
0.006671
0.010634
0.006862
0.000129
0.004015
0.001022
0.005105
0.000975
0.007444
0.047127
0.000169
0.034649
0.048419
0.010862
0.009166
0.018302
0.081041
0.000597
0.000388
0.000381
0.022725
0.002283
0.027571
0.001795
0.000216
0.014247
0.027559
0.001318
0.006077
0.000129
0.002744
0.000470
0.013023
0.000254
0.041799
0.002645
0.000904
0.003690
0.001198
0.006288
0.003242
0.000129
0.002422
0.012307
0.114245
0.020242
0.001219
0.049453
0.023009
0.002582
0.048067
0.001586
0.026190
0.014104
0.007919
0.006119
0.023232
0.008443
0.065859
0.003862
0.004374
0.017339
0.007879
0.005852
0.000747
0.000251
0.000211
0.000371
0.001193
0.000794
0.000169
0.002626
0.008607
0.000249
0.000291
0.006394
0.004933
0.006920
0.005978
0.001447
0.009361
0.049829
0.000632
0.001621
0.000209
0.014996
0.007404
0.000815
0.002969
0.000381
0.000129
0.000381
0.000209
0.000209
0.000040
0.001767
0.000129
0.002946
0.012974
0.003444
0.000047
0.000120
0.000129
0.000423
0.000341
0.010096
0.000129
0.000211
0.274917
0.058797
0.191306
0.044186
0.023892
0.011783
0.003467
0.003486
0.001367
0.001419
0.000540
0.007078
0.002445
0.013155
0.001384
0.005067
0.001409
0.006805
0.000832
0.000211
0.001416
0.029481
0.001886
0.000383
0.013495
0.000714
0.001052
0.005779
0.005231
0.022079
0.015563
0.006829
0.000129
0.000378
0.000129
0.001590
0.315036
0.000054
0.000446
0.008389
0.006843
0.000514
0.000007
0.002037
0.001315
0.000251
0.119481
0.020604
0.045274
0.000590
0.010280
0.004578
0.001097
0.000937
0.002196
0.000458
0.031372
0.005976
0.004661
0.002159
0.000895
0.005758
0.002826
0.000935
0.012800
0.000759
0.244463
0.079575
0.017411
0.013820
0.007101
0.004365
0.011922
0.004132
0.021055
0.019164
0.007632
0.004069
0.002196
0.003975
0.012396
0.005433
0.001555
0.005168
0.002596
0.000080
0.008074
0.002471
0.002098
0.003514
0.018311
0.001912
0.002474
0.002314
0.002983
0.001160
0.002088
0.000317
0.000209
0.001703
0.001318
0.032250
0.000315
0.002549
0.002262
0.012751
0.003256
0.001508
0.000510
0.000129
0.000378
0.000472
0.000216
0.000136
0.001839
0.001849
0.000291
0.002814
0.000940
0.004712
0.002121
0.001635
0.000007
0.002060
0.003526
0.001017
0.000007
0.000630
0.002610
0.001203
0.000460
0.005015
0.004618
0.002983
0.024390
0.005365
0.000540
0.000381
0.000716
0.000954
0.000296
0.000890
0.000338
0.003157
0.011788
0.003152
0.000707
0.000472
0.000425
0.002074
0.008598
0.000256
0.000928
0.029608
0.026808
0.000498
0.000080
0.000167
0.000134
0.009953
0.000423
0.000378
0.118342
0.013152
0.013660
0.012241
0.001226
0.002417
0.013824
0.001313
0.000280
0.011083
0.001478
0.043923
0.000080
0.000599
0.000773
0.000169
0.005798
0.000503
0.005182
0.000482
0.000087
0.010714
0.002363
0.004799
0.000973
0.005938
0.001268
0.001022
0.003425
0.001560
0.000587
0.000759
0.001271
0.000040
0.002495
0.001172
0.000423
0.001527
0.002295
0.000507
0.000768
0.000721
0.002445
0.032781
0.000923
0.004776
0.001825
0.010336
0.008887
0.001818
0.000550
0.003058
0.002657
0.001945
0.002222
0.001360
0.000893
0.012610
0.001957
0.000630
0.000627
0.000428
0.009441
0.005358
0.001022
0.001806
0.000841
0.001271
0.000681
0.128067
0.021811
0.019300
0.013214
0.007888
0.003347
0.046521
0.007891
0.005553
0.004745
0.042225
0.003958
0.018480
0.000597
0.000211
0.000047
0.008508
0.001567
0.002234
0.001863
0.035182
0.001301
0.001200
0.000810
0.001330
0.000453
0.000651
0.000552
0.039965
0.000928
0.000211
0.001879
0.000341
0.003385
0.020350
0.000169
0.000007
0.000122
0.001019
0.003258
0.000507
0.000634
0.002337
0.000251
0.000735
0.015152
0.000669
0.000211
0.003855
0.014282
0.000712
0.004430
0.000897
0.264818
0.019220
0.009528
0.014726
0.006145
0.038053
0.002429
0.002788
0.001851
0.000592
0.000120
0.000211
0.023744
0.000101
0.003002
0.000557
0.003909
0.001015
0.003596
0.000592
0.002422
0.005307
0.000258
0.003864
0.029323
0.000597
0.000047
0.002140
0.001597
0.001315
0.002791
0.001391
0.012027
0.000839
0.008490
0.000848
0.001057
0.000169
0.000211
0.000007
0.002589
0.000211
0.005147
0.001790
0.000435
0.012652
0.007237
0.001405
0.000904
0.001097
0.000423
0.000538
0.002344
0.103578
0.001870
0.003770
0.000902
0.001818
0.030190
0.000209
0.242603
0.082344
0.018978
0.027019
0.026953
0.040183
0.008374
0.023639
0.016996
0.002549
0.007658
0.012265
0.001139
0.030423
0.004242
0.009396
0.001339
0.005415
0.004804
0.000406
0.001694
0.002093
0.000129
0.011851
0.001196
0.000211
0.000547
0.000846
0.002168
0.001177
0.001828
0.000681
0.000209
0.000211
0.000963
0.000583
0.002001
0.025805
0.147752
0.019479
0.002798
0.010766
0.008107
0.017261
0.006660
0.000465
0.011191
0.005628
0.017003
0.009403
0.009634
0.000211
0.003230
0.006824
0.000381
0.004148
0.014752
0.004233
0.000040
0.004487
0.000677
0.151130
0.028990
0.075304
0.006768
0.012427
0.003946
0.005741
0.035161
0.032361
0.002833
0.014188
0.003986
0.001095
0.002182
0.001102
0.008926
0.012791
0.003420
0.001644
0.000258
0.002643
0.004830
0.048872
0.031017
0.017263
0.004473
0.006855
0.005781
0.000634
0.001125
0.001012
0.004686
0.012262
0.001212
0.005100
0.000719
0.000893
0.000679
0.003289
0.019908
0.000303
0.001191
0.004515
0.003578
0.003660
0.006507
0.000428
0.002791
0.001231
0.008482
0.000211
0.012859
0.000681
0.001097
0.000728
0.009265
0.010759
0.000040
0.004677
0.115863
0.000646
0.005006
0.006427
0.002911
0.007059
0.001268
0.003214
0.001167
0.001475
0.001579
0.001130
0.000550
0.000341
0.009305
0.005222
0.000554
0.000209
0.003528
0.000510
0.012349
0.000209
0.000829
0.015577
0.006138
0.000886
0.002159
0.004597
0.000141
0.001564
0.032833
0.003028
0.000597
0.003850
0.009291
0.001868
0.001059
0.007707
0.001863
0.004278
0.001539
0.000251
0.010573
0.000129
0.000843
0.003077
0.001738
0.002213
0.001191
0.000890
0.008156
0.005546
0.001515
0.000632
0.000211
0.000507
0.009119
0.038809
0.040655
0.000935
0.010707
0.000214
0.002915
0.001135
0.000761
0.000733
0.010740
0.004447
0.000169
0.001447
0.000080
0.000679
0.001893
0.000550
0.000846
0.001066
0.000686
0.015173
0.013660
0.004757
0.004794
0.000136
0.001059
0.002610
0.001811
0.000329
0.001104
0.000211
0.000930
0.003014
0.000467
0.004771
0.003014
0.004386
0.001900
0.001346
0.001557
0.003545
0.003639
0.002295
0.012817
0.005906
0.004529
0.001821
0.029006
0.008879
0.000014
0.008264
0.002241
0.002819
0.000249
0.001717
0.002744
0.001198
0.000298
0.001910
0.014644
0.000475
0.001480
0.000538
0.000101
0.018414
0.000040
0.004809
0.009446
0.001405
0.000895
0.005981
0.006187
0.032908
0.009399
0.021294
0.000977
0.005067
0.005931
0.029063
0.001149
0.001896
0.009183
0.001595
0.000933
0.001052
0.001557
0.002004
0.000423
0.003028
0.003033
0.001689
0.016314
0.002765
0.004964
0.007743
0.002600
0.002622
0.006126
0.000416
0.000251
0.001116
0.006728
0.001522
0.000470
0.000944
0.000846
0.000693
0.000216
0.001644
0.001527
0.008396
0.002431
0.000251
0.003535
0.001233
0.005436
0.000169
0.001229
0.000467
0.003524
0.000169
0.009871
0.000752
0.000315
0.002133
0.000759
0.001158
0.002610
0.004123
0.001997
0.000681
0.001698
0.016065
0.000381
0.058475
0.002793
0.010716
0.001069
0.000470
0.003571
0.001600
0.000674
0.001156
0.000787
0.001278
0.003780
0.001936
0.001931
0.003263
0.000129
0.002506
0.077700
0.001064
0.009063
0.001492
0.050529
0.000040
0.001116
0.002974
0.001682
0.000040
0.000129
0.004257
0.002065
0.000047
0.000134
0.008226
0.005906
0.004611
0.004156
0.003580
0.003735
0.000258
0.002643
0.001313
0.001113
0.000550
0.011365
0.031043
0.002295
0.011889
0.000169
0.000040
0.000341
0.001010
0.000888
0.000470
0.002990
0.001186
0.009772
0.000632
0.000926
0.002777
0.000265
0.000169
0.000087
0.003653
0.002673
0.001647
0.001602
0.001994
0.004212
0.003138
0.000148
0.008567
0.001076
0.006004
0.000799
0.000470
0.001391
0.000815
0.002920
0.001529
0.000258
0.000754
0.004214
0.000160
0.005436
0.000087
0.000211
0.000352
0.000886
0.153979
0.000425
0.001802
0.000169
0.000080
0.000489
0.002805
0.001003
0.001438
0.001555
0.000632
0.000298
0.011015
0.001741
0.008292
0.001278
0.005457
0.000371
0.007012
0.000996
0.000007
0.003484
0.000129
0.005936
0.005844
0.000258
0.000169
0.003592
0.000169
0.000101
0.000517
0.000129
0.000129
0.004437
0.041797
0.003721
0.001196
0.079096
0.061283
0.000975
0.023218
0.009897
0.001527
0.001022
0.002037
0.000634
0.012746
0.000305
0.003352
0.079448
0.004719
0.001008
0.001022
0.001050
0.000644
0.001663
0.000970
0.004031
0.001135
0.000047
0.001017
0.000251
0.000251
0.000047
0.096794
0.002192
0.005842
0.001278
0.000341
0.000289
0.001015
0.006530
0.009027
0.000467
0.000211
0.001149
0.000341
0.000183
0.004658
0.009601
0.000040
0.000129
0.000517
0.013134
0.184780
0.016366
0.005222
0.006984
0.051308
0.001832
0.014430
0.001489
0.000040
0.001687
0.000420
0.001299
0.000599
0.001832
0.000169
0.017841
0.000517
0.000007
0.000258
0.001104
0.000728
0.003787
0.003148
0.002542
0.027393
0.009300
0.000251
0.000980
0.003073
0.001506
0.008078
0.007555
0.002720
0.000430
0.005753
0.002676
0.008149
0.002025
0.000467
0.001813
0.004966
0.000428
0.000251
0.008252
0.004799
0.001515
0.000853
0.049039
0.092335
0.008645
0.006669
0.005180
0.000169
0.028231
0.004567
0.202370
0.174442
0.029746
0.001788
0.195541
0.019460
0.000169
0.021290
0.000209
0.000211
0.009603
0.003937
0.024752
0.000169
0.000747
0.000735
0.000681
0.001938
0.000770
0.003122
0.005859
0.002845
0.000251
0.000388
0.001640
0.000129
0.000211
0.011647
0.001499
0.000301
0.002196
0.001635
0.000047
0.002629
0.000435
0.000500
0.000850
0.008896
0.000599
0.000679
0.002774
0.001424
0.000258
0.005354
0.000759
0.000249
0.006862
0.000428
0.000672
0.000705
0.000289
0.000740
0.000813
0.001698
0.000040
0.002626
0.002309
0.000392
0.002382
0.000860
0.002612
0.005678
0.006223
0.005297
0.006589
0.002701
0.001762
0.001271
0.000754
0.019063
0.000658
0.001985
0.004397
0.001795
0.000160
0.000977
0.001701
0.031186
0.005438
0.001015
0.001482
0.018264
0.000446
0.000897
0.000129
0.000176
0.005739
0.003789
0.003329
0.002412
0.001576
0.001442
0.000850
0.000040
0.000385
0.004092
0.001811
0.000209
0.000716
0.000402
0.000681
0.023383
0.000681
0.004470
0.004423
0.023881
0.005342
0.132983
0.018292
0.002088
0.027883
0.002615
0.016575
0.004158
0.001654
0.003634
0.001320
0.008595
0.010221
0.006756
0.014877
0.002283
0.000007
0.001508
0.001804
0.000881
0.001066
0.002117
0.302852
0.000040
0.002265
0.004651
0.015051
0.000803
0.000975
0.004118
0.002544
0.024219
0.005257
0.008809
0.000460
0.000803
0.000040
0.001346
0.001905
0.001999
0.000695
0.007334
0.004971
0.000298
0.006385
0.000420
0.000630
0.000381
0.000211
0.000630
0.006549
0.000853
0.000385
0.001175
0.001362
0.001308
0.003902
0.005774
0.002777
0.001210
0.002363
0.012955
0.000040
0.000446
0.000517
0.001616
0.000460
0.000381
0.001092
0.000857
0.000550
0.000420
0.000129
0.000040
0.000423
0.001341
0.000040
0.003810
0.007089
0.000211
0.008363
0.000364
0.002133
0.058393
0.028757
0.008849
0.000258
0.007813
0.001945
0.038595
0.002516
0.022225
0.032436
0.004113
0.001186
0.000843
0.000827
0.006556
0.004611
0.000592
0.001285
0.012243
0.000576
0.001109
0.000550
0.001480
0.000890
0.000211
0.000874
0.000467
0.001121
0.000486
0.000235
0.002488
0.005563
0.000599
0.000846
0.003263
0.000211
0.002763
0.000552
0.000423
0.002492
0.000211
0.000211
0.003735
0.003239
0.000890
0.001816
0.001144
0.000470
0.000547
0.001050
0.000209
0.000258
0.000209
0.000251
0.001872
0.001877
0.002781
0.000463
0.000376
0.000209
0.026601
0.020416
0.003042
0.002605
0.002034
0.039429
0.000681
0.000258
0.000129
0.001400
0.000298
0.002767
0.003244
0.000381
0.000592
0.000428
0.002154
0.000211
0.000381
0.000500
0.000129
0.001489
0.001656
0.000080
0.020693
0.003145
0.000423
0.034214
0.000378
0.000129
0.000169
0.000169
0.000040
0.003693
0.000040
0.009533
0.002795
0.000658
0.000669
0.001764
0.000258
0.011250
0.046314
0.033632
0.001579
0.000136
0.001402
0.000040
0.000129
0.000040
0.003674
0.000341
0.000341
0.006617
0.001362
0.000388
0.002605
0.001619
0.001442
0.000451
0.000120
0.000129
0.002770
0.011367
0.000040
0.000129
0.001149
0.000597
0.034553
0.000855
0.034830
0.000040
0.004228
0.005671
0.004278
0.020585
0.002037
0.002878
0.000235
0.068950
0.000007
0.000040
0.011722
0.001062
0.000211
0.000251
0.000557
0.000251
0.001196
0.000211
0.001233
0.000211
0.000040
0.008943
0.000251
0.000200
0.001146
0.012819
0.009173
0.005563
0.000458
0.000040
0.000507
0.002499
0.001910
0.000298
0.000987
0.002976
0.002255
0.001912
0.000265
0.000897
0.009281
0.001534
0.005734
0.000129
0.009932
0.000129
0.000973
0.000552
0.000054
0.000843
0.000298
0.000343
0.000080
0.002020
0.000977
0.004515
0.000803
0.012053
0.000599
0.000258
0.000258
0.004024
0.002471
0.000341
0.000129
0.000129
0.001945
0.000258
0.003054
0.004961
0.000850
0.000467
0.000467
0.000129
0.000728
0.001001
0.000129
0.000634
0.026392
0.007677
0.000040
0.000265
0.000211
0.000211
0.000211
0.000810
0.000087
0.047761
0.000129
0.007848
0.000634
0.005605
0.035358
0.009190
0.000251
0.001280
0.005513
0.017902
0.000338
0.000846
0.003246
0.000211
0.002401
0.018283
0.000599
0.016347
0.013007
0.000211
0.000129
0.003230
0.000211
0.000258
0.000742
0.000211
0.000251
0.000040
0.000129
0.002023
0.000874
0.000322
0.002925
0.001109
0.004884
0.002011
0.000040
0.121445
0.001532
0.004153
0.005772
0.000216
0.000510
0.003979
0.000338
0.006385
0.000258
0.000653
0.000423
0.006105
0.000047
0.000841
0.000388
0.000129
0.000211
0.000827
0.000211
0.001362
0.000686
0.000129
0.000503
0.001567
0.000129
0.002835
0.000341
0.000850
0.000446
0.000547
0.000371
0.000211
0.000211
0.000886
0.000298
0.000857
0.001196
0.000599
0.023585
0.003044
0.012140
0.000080
0.000040
0.002008
0.002856
0.014910
0.001024
0.000716
0.015946
0.000381
0.000291
0.000430
0.000040
0.001402
0.000420
0.000258
0.001226
0.000129
0.000470
0.001327
0.002215
0.000893
0.000218
0.001503
0.001750
0.001626
0.000846
0.000211
0.000850
0.003143
0.000341
0.000080
0.000653
0.000848
0.001560
0.011741
0.001226
0.001036
0.000388
0.002194
0.001907
0.000658
0.004867
0.001609
0.000211
0.000646
0.000728
0.000211
0.000634
0.000761
0.002927
0.001224
0.000763
0.001959
0.002131
0.002678
0.177747
0.000129
0.000040
0.000409
0.000080
0.000040
0.002906
0.000040
0.000446
0.000040
0.000129
0.000745
0.000423
0.000040
0.000576
0.000169
0.000040
0.000211
0.000080
0.000040
0.000080
0.000040
0.000040
0.000040
0.000080
0.000211
0.000040
0.000129
0.000695
0.000129
0.000040
0.000275
0.000040
0.000040
0.000251
0.000235
0.000235
0.001052
0.001865
0.000129
0.000129
0.000007
0.000040
0.000209
0.000841
0.000040
0.000007
0.000169
0.000423
0.000129
0.000129
0.000040
0.000047
0.001663
0.000209
0.000040
0.000129
0.000420
0.000211
0.000040
0.000169
0.000040
0.000467
0.000040
0.000874
0.000726
0.000378
0.000211
0.001278
0.000129
0.000080
0.038736
0.000933
0.002361
0.000381
0.002342
0.000251
0.000879
0.000169
0.000040
0.000839
0.000211
0.037858
0.027693
0.002293
0.000251
0.001532
0.001532
0.000639
0.000129
0.000040
0.000291
0.000040
0.000007
0.000080
0.000423
0.000211
0.000129
0.000129
0.000211
0.000420
0.000047
0.015640
0.006049
0.009791
0.000129
0.000249
0.000341
0.000129
0.001957
0.000366
0.022053
0.032149
0.026704
0.038149
0.018100
0.060846
0.002290
0.002234
0.009479
0.000580
0.004515
0.003359
0.010209
0.002147
0.002041
0.001412
0.000176
0.143911
0.125837
0.028936
0.101595
0.008424
0.003892
0.086227
0.081165
0.000592
0.003643
0.014066
0.000209
0.009340
0.000211
0.001015
0.001167
0.001177
0.002610
0.001384
0.000446
0.001233
0.000763
0.004137
0.043942
0.031774
0.000129
0.016519
0.001353
0.000211
0.000129
0.004933
0.021604
0.001743
0.004447
0.010207
0.013580
0.000235
0.001109
0.000129
0.044752
0.000341
0.022868
0.007710
0.011816
0.016869
0.001066
0.010669
0.011419
0.005903
0.000930
0.000557
0.000637
0.002422
0.000576
0.004856
0.000376
0.000381
0.000759
0.001198
0.000679
0.002171
0.003768
0.003376
0.001259
0.000552
0.003101
0.015060
0.000129
0.000761
0.002939
0.000728
0.000127
0.005910
0.002149
0.000550
0.000338
0.000482
0.001651
0.000211
0.004757
0.000381
0.000331
0.020249
0.000341
0.002943
0.001395
0.001952
0.000592
0.000040
0.005450
0.000404
0.000933
0.001806
0.000669
0.000120
0.000681
0.000298
0.000850
0.003658
0.000054
0.000211
0.000040
0.001940
0.000211
0.000040
0.000129
0.000768
0.000211
0.000298
0.003350
0.000341
0.000169
0.000129
0.000251
0.000803
0.000040
0.000305
0.002741
0.000087
0.000420
0.000211
0.000395
0.000209
0.001019
0.000592
0.004198
0.000258
0.000251
0.000890
0.000040
0.000211
0.000129
0.000169
0.000129
0.000047
0.000341
0.001132
0.000815
0.000040
0.000040
0.000169
0.000211
0.000211
0.000129
0.001868
0.000423
0.000341
0.000599
0.001102
0.000169
0.000341
0.001280
0.000632
0.000169
0.000129
0.000211
0.000129
0.000129
0.000040
0.000129
0.000129
0.000040
0.000129
0.000341
0.000381
0.000345
0.000040
0.000524
0.000681
0.000129
0.000256
0.000470
0.000381
0.000423
0.000040
0.009594
0.000040
0.000040
0.000134
0.000007
0.000552
0.000428
0.003225
0.000298
0.000040
0.000298
0.000639
0.000420
0.000040
0.000040
0.000258
0.000120
0.000639
0.000341
0.000129
0.000540
0.000294
0.000129
0.000341
0.000251
0.000007
0.001313
0.001518
0.000209
0.000169
0.000176
0.000169
0.000040
0.000653
0.000446
0.000169
0.000054
0.000129
0.000120
0.000080
0.000218
0.000176
0.000040
0.003296
0.001910
0.000136
0.000209
0.000435
0.000275
0.000211
0.000040
0.000209
0.000211
0.000599
0.000211
0.000552
0.000169
0.000007
0.001846
0.000211
0.000420
0.000242
0.001351
0.000766
0.000129
0.000129
0.000007
0.000446
0.000467
0.000040
0.000169
0.000040
0.000209
0.000080
0.000040
0.000418
0.000235
0.002490
0.000552
0.006086
0.000129
0.000209
0.000129
0.000388
0.000129
0.000385
0.000686
0.000211
0.000423
0.000841
0.000169
0.000129
0.000634
0.001097
0.000211
0.001914
0.000423
0.000599
0.000040
0.000942
0.000378
0.007834
0.000040
0.000305
0.001741
0.000836
0.004928
0.000169
0.000007
0.005628
0.000428
0.001050
0.001764
0.001059
0.000806
0.000211
0.000169
0.000021
0.000211
0.000646
0.000169
0.000129
0.000545
0.001445
0.000557
0.000129
0.000435
0.000388
0.000533
0.000632
0.000803
0.000169
0.000550
0.000423
0.000211
0.000470
0.002485
0.000211
0.000681
0.000129
0.001022
0.000120
0.000211
0.000129
0.000211
0.004515
0.000639
0.000298
0.000040
0.000040
0.000129
0.000291
0.000176
0.001074
0.002241
0.000341
0.000169
0.000341
0.000218
0.000129
0.122091
0.002121
0.007745
0.003411
0.003061
0.001541
0.000120
0.000984
0.004141
0.000761
0.000341
0.015159
0.000211
0.000040
0.000618
0.000040
0.001564
0.000211
0.000136
0.000265
0.001189
0.000040
0.000129
0.003192
0.000040
0.000129
0.000491
0.000169
0.000216
0.004689
0.000047
0.000216
0.000129
0.000211
0.000209
0.000423
0.000129
0.002617
0.000637
0.000014
0.000778
0.000251
0.000136
0.000298
0.000040
0.000169
0.000129
0.001111
0.000040
0.000176
0.000211
0.000263
0.000348
0.000211
0.000510
0.000087
0.000129
0.000420
0.002732
0.002032
0.000040
0.000136
0.000249
0.000007
0.000251
0.000341
0.002659
0.000129
0.000263
0.000040
0.000007
0.000305
0.000211
0.000040
0.001118
0.000883
0.000211
0.000211
0.000423
0.000693
0.000129
0.000251
0.013928
0.000550
0.001419
0.016143
0.001278
0.003968
0.000604
0.004893
0.000211
0.002918
0.001184
0.000341
0.001015
0.000040
0.034320
0.000341
0.000251
0.038988
0.001264
0.000007
0.000007
0.002838
0.000876
0.000235
0.000850
0.000218
0.002995
0.000251
0.000420
0.000007
0.000040
0.000695
0.000463
0.000218
0.000251
0.000423
0.002286
0.000291
0.000258
0.003042
0.000298
0.000129
0.002476
0.002502
0.000606
0.001113
0.000381
0.001825
0.001527
0.011710
0.000484
0.000054
0.000341
0.000660
0.000552
0.000129
0.000404
0.000280
0.000251
0.000411
0.024029
0.021463
0.001886
0.000169
0.000169
0.001816
0.000728
0.000477
0.000749
0.003524
0.000169
0.002979
0.001562
0.000129
0.000435
0.000258
0.000423
0.000176
0.001189
0.000129
0.000129
0.001273
0.000040
0.000211
0.000388
0.000423
0.000129
0.000040
0.005995
0.000674
0.000258
0.000423
0.000470
0.000209
0.000211
0.000947
0.000423
0.000258
0.004358
0.000211
0.000341
0.000040
0.000129
0.000592
0.007299
0.000129
0.003650
0.000129
0.000258
0.000258
0.000975
0.000510
0.000080
0.000420
0.000218
0.000211
0.000862
0.000040
0.001034
0.000251
0.001163
0.000258
0.000047
0.002575
0.000129
0.000007
0.000806
0.000040
0.000538
0.000040
0.000068
0.004581
0.000228
0.000258
0.010467
0.001912
0.000341
0.000258
0.000341
0.000211
0.000094
0.000331
0.000094
0.001151
0.000822
0.000251
0.000218
0.000552
0.001109
0.000040
0.001022
0.000552
0.010296
0.000211
0.000371
0.000348
0.012248
0.000129
0.000040
0.003498
0.006244
0.000007
0.000937
0.000298
0.013019
0.000249
0.000211
0.000129
0.000209
0.000973
0.000211
0.000211
0.000040
0.000129
0.019206
0.000752
0.000040
0.000211
0.000040
0.000087
0.000420
0.000385
0.000040
0.000211
0.000517
0.018386
0.000211
0.000040
0.001308
0.000169
0.001057
0.000129
0.000040
0.000211
0.000470
0.001487
0.001182
0.000251
0.000129
0.008473
0.000040
0.000251
0.000763
0.000007
0.000040
0.000129
0.000258
0.003183
0.000136
0.000681
0.001106
0.000129
0.001475
0.000446
0.000632
0.001701
0.000470
0.000129
0.001142
0.000040
0.004242
0.000040
0.000129
0.001311
0.000634
0.000211
0.000169
0.000129
0.000258
0.000211
0.000218
0.000552
0.000420
0.000341
0.001355
0.000423
0.000169
0.000329
0.000040
0.000425
0.000129
0.000209
0.000129
0.000047
0.000211
0.000040
0.000425
0.000211
0.000590
0.000550
0.011494
0.013279
0.000258
0.066838
0.001806
0.030263
0.000169
0.002356
0.052147
0.000047
0.000047
0.029276
0.000258
0.000129
0.000129
0.001104
0.000080
0.000331
0.000352
0.000425
0.000218
0.000211
0.000211
0.000639
0.000552
0.000040
0.001095
0.000129
0.000211
0.000388
0.005307
0.000552
0.000129
0.002457
0.000404
0.000815
0.001259
0.001196
0.000176
0.001337
0.000040
0.000251
0.001562
0.000040
0.000258
0.011665
0.000129
0.000590
0.000040
0.000251
0.000341
0.000169
0.000420
0.000341
0.000129
0.000420
0.000129
0.000129
0.000129
0.000639
0.001193
0.000420
0.019861
0.000428
0.000211
0.000341
0.000331
0.000467
0.000040
0.000331
0.000129
0.000507
0.000040
0.000341
0.000129
0.000129
0.000557
0.000040
0.000040
0.000420
0.000040
0.001520
0.000423
0.000129
0.000211
0.000080
0.000129
0.000040
0.000040
0.000040
0.000211
0.000129
0.000423
0.000420
0.000169
0.001146
0.000305
0.000129
0.000080
0.001619
0.001323
0.000418
0.023289
0.003479
0.000251
0.000761
0.029612
0.000592
0.000973
0.000047
0.000211
0.000211
0.000040
0.000129
0.000040
0.000129
0.000371
0.000897
0.001144
0.003124
0.000510
0.000007
0.018241
0.000211
0.003472
0.001222
0.000378
0.000460
0.000080
0.001050
0.000463
0.002117
0.000211
0.000040
0.000169
0.000080
0.000538
0.000289
0.000251
0.000120
0.000080
0.000040
0.000517
0.000211
0.000763
0.000040
0.000047
0.000129
0.000341
0.000040
0.000040
0.000298
0.000977
0.000211
0.003162
0.000211
0.000251
0.000040
0.001231
0.000169
0.000169
0.000218
0.000040
0.000632
0.000341
0.000129
0.000211
0.000470
0.000470
0.000211
0.000251
0.001189
0.000933
0.000040
0.001360
0.000420
0.000129
0.000517
0.000460
0.000211
0.001480
0.000251
0.000646
0.000211
0.000289
0.000136
0.000550
0.000251
0.000129
0.002074
0.000538
0.000388
0.000388
0.001569
0.002544
0.002669
0.003261
0.003564
0.019044
0.021757
0.000719
0.002791
0.026662
0.001865
0.001393
0.001945
0.000728
0.004663
0.037195
0.024679
0.006119
0.062394
0.003138
0.004639
0.005487
0.010399
0.000341
0.013373
0.008316
0.002462
0.000855
0.001259
0.000590
0.001017
0.000460
0.000552
0.000007
0.000136
0.000251
0.000040
0.000040
0.000298
0.001445
0.000251
0.006815
0.003434
0.000040
0.000209
0.004101
0.000674
0.001090
0.000047
0.000937
0.000298
0.000251
0.000040
0.000388
0.000298
0.008097
0.000366
0.000129
0.000129
0.000423
0.000975
0.000381
0.000211
0.000007
0.000054
0.000007
0.003268
0.000094
0.000183
0.000291
0.000211
0.000420
0.000258
0.000040
0.000423
0.001806
0.000169
0.000040
0.008053
0.000341
0.000129
0.000291
0.000129
0.000258
0.000040
0.000341
0.000341
0.001647
0.000869
0.000040
0.000169
0.000047
0.000460
0.000477
0.000338
0.000275
0.000040
0.000601
0.000047
0.000211
0.000129
0.002274
0.000040
0.000336
0.000080
0.000007
0.011797
0.003777
0.009986
0.001045
0.003014
0.004022
0.004235
0.011933
0.006140
0.001884
0.001579
0.000047
0.000214
0.000613
0.000719
0.000484
0.000265
0.000040
0.000040
0.000251
0.000423
0.000928
0.000040
0.000376
0.000381
0.000552
0.001010
0.000040
0.001463
0.000176
0.000216
0.000040
0.000087
0.000503
0.000984
0.000040
0.000040
0.000094
0.000298
0.000129
0.000308
0.000007
0.000282
0.000040
0.002079
0.000007
0.000211
0.000129
0.000080
0.002669
0.000470
0.000040
0.001821
0.000378
0.010352
0.000251
0.013827
0.001774
0.002528
0.000007
0.000289
0.000963
0.000211
0.000040
0.002598
0.000895
0.001146
0.000933
0.000381
0.001872
0.000129
0.000249
0.000341
0.000129
0.001783
0.001609
0.001966
0.001492
0.001010
0.001614
0.000709
0.000251
0.000007
0.000505
0.000040
0.013618
0.000169
0.000040
0.000291
0.000510
0.000719
0.000815
0.000888
0.000258
0.000169
0.000040
0.000369
0.000507
0.002161
0.001658
0.002257
0.000040
0.000258
0.000385
0.000860
0.000721
0.000341
0.001616
0.000211
0.000521
0.000658
0.000338
0.000552
0.000258
0.002213
0.000258
0.000843
0.003552
0.000200
0.000808
0.000251
0.000129
0.013766
0.006002
0.001569
0.000169
0.000827
0.000235
0.000305
0.000702
0.000630
0.000510
0.000160
0.000578
0.000169
0.000200
0.001184
0.000129
0.000169
0.000298
0.000470
0.000604
0.000249
0.000129
0.000160
0.001705
0.001785
0.000458
0.000895
0.000726
0.000388
0.000129
0.001034
0.000040
0.000975
0.000129
0.000298
0.004895
0.000240
0.000810
0.000460
0.000129
0.000007
0.003042
0.000265
0.000540
0.000169
0.000890
0.007111
0.000216
0.004679
0.000994
0.000040
0.000937
0.000557
0.000510
0.000681
0.000820
0.001012
0.002485
0.000298
0.000258
0.000040
0.001156
0.001879
0.000007
0.000681
0.000040
0.001473
0.000341
0.001440
0.000136
0.000209
0.000550
0.005833
0.000251
0.000980
0.000258
0.000761
0.000120
0.000592
0.000129
0.000209
0.004066
0.000381
0.027397
0.000428
0.000810
0.000258
0.000129
0.000980
0.000639
0.000467
0.000933
0.000129
0.001278
0.000040
0.000129
0.000768
0.000728
0.000289
0.000040
0.001106
0.000531
0.002805
0.000211
0.000298
0.000557
0.000129
0.002119
0.000510
0.006728
0.000338
0.000258
0.000594
0.001372
0.000338
0.014299
0.001146
0.001903
0.000681
0.002370
0.000498
0.000420
0.000655
0.011987
0.024520
0.003195
0.001724
0.104005
0.000251
0.001546
0.038553
0.026998
0.032269
0.001186
0.002119
0.001231
0.000667
0.002908
0.000719
0.002128
0.013615
0.008887
0.000479
0.000251
0.000211
0.000507
0.000211
0.000211
0.003272
0.002600
0.015584
0.000644
0.000576
0.000364
0.000040
0.000599
0.000211
0.000331
0.000216
0.001442
0.001078
0.000040
0.000552
0.000211
0.000007
0.000709
0.001656
0.000298
0.000211
0.000258
0.004952
0.000040
0.001015
0.000890
0.001821
0.000249
0.000129
0.000341
0.000211
0.000900
0.000759
0.003268
0.000341
0.000341
0.000265
0.000211
0.000423
0.000763
0.000211
0.000766
0.000211
0.000129
0.025610
0.001104
0.000040
0.000597
0.000679
0.001109
0.000040
0.000080
0.000235
0.000129
0.013265
0.000423
0.000930
0.000129
0.001694
0.000463
0.000040
0.000291
0.000040
0.002467
0.000712
0.000211
0.000381
0.000211
0.000634
0.000047
0.000211
0.000169
0.000341
0.000463
0.000423
0.000348
0.000235
0.000258
0.000381
0.019575
0.000933
0.015039
0.000211
0.000129
0.003531
0.000211
0.000129
0.000080
0.000763
0.000007
0.000007
0.000893
0.000251
0.000129
0.000209
0.000211
0.009079
0.000209
0.000169
0.000211
0.000550
0.000047
0.000599
0.000211
0.000381
0.000040
0.000446
0.000968
0.000585
0.001990
0.000040
0.000040
0.000484
0.000592
0.000411
0.000169
0.000345
0.020623
0.000810
0.000007
0.000808
0.000940
0.002187
0.000211
0.000338
0.000211
0.000251
0.004383
0.000719
0.000080
0.000968
0.011066
0.015673
0.000801
0.000258
0.000129
0.000129
0.000040
0.000218
0.000080
0.000080
0.000935
0.000761
0.000218
0.006472
0.000331
0.000169
0.000510
0.000258
0.000120
0.000251
0.002018
0.001055
0.004372
0.000129
0.000550
0.000211
0.000860
0.000169
0.000510
0.001522
0.001132
0.000258
0.000007
0.000514
0.000258
0.000120
0.000040
0.000331
0.000258
0.000211
0.000423
0.000345
0.000129
0.000129
0.000211
0.001250
0.000381
0.000120
0.000129
0.000169
0.000080
0.000129
0.001341
0.000080
0.000211
0.000679
0.000120
0.000129
0.000552
0.000169
0.000040
0.001604
0.000420
0.000423
0.000258
0.000040
0.001402
0.000129
0.000080
0.000040
0.000376
0.000251
0.001125
0.000209
0.000418
0.000169
0.001318
0.000251
0.000258
0.000040
0.000341
0.000211
0.000249
0.000120
0.000211
0.000348
0.000040
0.018497
0.000007
0.000211
0.000378
0.000712
0.000507
0.000987
0.000129
0.000040
0.000930
0.000381
0.000460
0.000040
0.001074
0.000341
0.000655
0.000129
0.000211
0.000902
0.000719
0.001182
0.000500
0.000169
0.000169
0.000040
0.000211
0.000040
0.000211
0.009774
0.000338
0.000721
0.000040
0.008520
0.017616
0.000759
0.000296
0.065931
0.000209
0.004722
0.000923
0.004722
0.027743
0.007195
0.004419
0.002777
0.002098
0.002777
0.005487
0.000895
0.010672
0.021720
0.015189
0.015924
0.013115
0.028440
0.000338
0.000251
0.000423
0.001057
0.000129
0.000763
0.001633
0.000211
0.000646
0.000129
0.000040
0.000211
0.000040
0.000040
0.001015
0.000129
0.000211
0.000040
0.000129
0.000627
0.000543
0.000129
0.000362
0.000258
0.000129
0.003289
0.000679
0.002713
0.000211
0.003559
0.000446
0.001022
0.000258
0.000341
0.002859
0.000258
0.000211
0.000129
0.000040
0.002997
0.000801
0.000040
0.000763
0.002518
0.000040
0.001102
0.000787
0.001217
0.000942
0.000129
0.005906
0.000606
0.003965
0.000235
0.001254
0.003051
0.002290
0.001583
0.000338
0.000298
0.000430
0.000235
0.001102
0.000040
0.000418
0.000040
0.001708
0.000040
0.002826
0.000040
0.000552
0.000606
0.000169
0.000590
0.000463
0.000296
0.000258
0.000129
0.000235
0.000211
0.000632
0.000557
0.000129
0.000251
0.001062
0.001785
0.000211
0.000420
0.000721
0.000129
0.000423
0.000428
0.000265
0.000176
0.000470
0.000810
0.000404
0.001372
0.000500
0.000129
0.000169
0.000897
0.000129
0.000211
0.000258
0.000341
0.000590
0.000169
0.000040
0.000211
0.000211
0.000728
0.003510
0.002053
0.002997
0.003164
0.004062
0.000169
0.000815
0.039875
0.000576
0.000381
0.017442
0.016084
0.000080
0.002795
0.000470
0.000381
0.000129
0.000341
0.000251
0.000681
0.000801
0.009995
0.000211
0.000211
0.000040
0.000040
0.002868
0.000040
0.000249
0.000341
0.000888
0.000129
0.000211
0.001922
0.000552
0.000583
0.000040
0.000801
0.000040
0.000087
0.000211
0.000040
0.000895
0.000251
0.000540
0.000291
0.000510
0.000120
0.000040
0.000169
0.000209
0.000129
0.000129
0.000331
0.000211
0.000080
0.000341
0.000129
0.000129
0.000211
0.001858
0.000169
0.000381
0.000040
0.001485
0.000430
0.000047
0.002838
0.000947
0.000040
0.000040
0.000040
0.000761
0.003127
0.000251
0.001015
0.004527
0.000590
0.000129
0.001687
0.000040
0.000040
0.000129
0.004646
0.012732
0.000014
0.000129
0.000470
0.000129
0.004524
0.000136
0.000592
0.000341
0.000080
0.000425
0.000129
0.000040
0.000258
0.000169
0.000211
0.000129
0.002539
0.000630
0.000510
0.003225
0.001395
0.001043
0.000524
0.000552
0.000080
0.000211
0.000211
0.000129
0.000428
0.000129
0.000641
0.000211
0.000883
0.002925
0.000211
0.000129
0.006364
0.000211
0.000552
0.001386
0.000500
0.013418
0.000254
0.000129
0.004376
0.002253
0.000007
0.000378
0.000211
0.000305
0.000298
0.000211
0.000211
0.000634
0.000258
0.000080
0.000014
0.000047
0.000763
0.002408
0.000552
0.000251
0.001388
0.000592
0.011569
0.021696
0.000007
0.000251
0.000470
0.000500
0.000388
0.000129
0.000040
0.000376
0.000258
0.000129
0.000129
0.000604
0.000475
0.000498
0.000040
0.000467
0.001069
0.013751
0.012981
0.000211
0.000893
0.000402
0.000587
0.000606
0.000418
0.000341
0.000129
0.000552
0.000477
0.000211
0.000040
0.002885
0.000258
0.000733
0.000763
0.000634
0.000129
0.001137
0.000129
0.000886
0.000040
0.001027
0.000169
0.000129
0.000120
0.000129
0.001191
0.001059
0.000423
0.001776
0.000576
0.002485
0.000169
0.000298
0.000129
0.026763
0.012584
0.003315
0.001186
0.017350
0.006951
0.000211
0.000388
0.000634
0.000942
0.007167
0.000385
0.000298
0.003909
0.000129
0.000129
0.019443
0.000775
0.000251
0.002126
0.000040
0.001492
0.002206
0.000298
0.000890
0.000211
0.000169
0.003136
0.001576
0.001959
0.000298
0.002666
0.000129
0.000209
0.000040
0.000810
0.004670
0.002802
0.000040
0.000258
0.001315
0.000977
0.000634
0.000040
0.001374
0.000550
0.002770
0.005114
0.000040
0.000517
0.000552
0.000338
0.002906
0.000597
0.000507
0.000973
0.007106
0.000984
0.002250
0.000446
0.000129
0.002420
0.001790
0.000998
0.000552
0.000435
0.002323
0.000637
0.000040
0.000597
0.002932
0.000756
0.001424
0.000129
0.000169
0.000388
0.003897
0.001019
0.000688
0.001370
0.001785
0.001515
0.000040
0.000007
0.000275
0.002088
0.141377
0.067188
0.000169
0.065558
0.001198
0.001409
0.288771
0.077595
0.000881
0.020876
0.010214
0.002131
0.040996
0.000510
0.005835
0.004130
0.000258
0.000209
0.001445
0.004776
0.004557
0.001614
0.004557
0.015640
0.001182
0.002330
0.000040
0.001532
0.000127
0.000211
0.027693
0.000590
0.000169
0.000040
0.000040
0.000129
0.000040
0.003310
0.000209
0.000169
0.000169
0.000169
0.000329
0.000129
0.000040
0.000249
0.000209
0.000040
0.000331
0.000040
0.000129
0.001914
0.000211
0.000211
0.001611
0.003310
0.023021
0.000040
0.000040
0.000080
0.000040
0.000040
0.000080
0.004195
0.000540
0.000080
0.000789
0.000331
0.023993
0.041193
0.001987
0.001447
0.000968
0.000211
0.000040
0.000040
0.000040
0.000040
0.000761
0.000470
0.000341
0.000801
0.000129
0.000632
0.000040
0.000672
0.016307
0.000211
0.000592
0.000632
0.000040
0.000552
0.000040
0.000348
0.000129
0.000728
0.000768
0.000348
0.000799
0.000040
0.000258
0.000460
0.010702
0.014900
0.003157
0.000129
0.000129
0.000216
0.000345
0.000129
0.001572
0.000169
0.002737
0.000211
0.000040
0.000679
0.000120
0.000040
0.000080
0.000679
0.000040
0.000040
0.000080
0.002746
0.000510
0.001985
0.000258
0.000129
0.000129
0.000080
0.001776
0.000691
0.000801
0.004903
0.000129
0.000129
0.000129
0.000129
0.000510
0.000129
0.000432
0.000080
0.000341
0.000211
0.000040
0.000381
0.001226
0.001144
0.000388
0.001022
0.000428
0.003117
0.000559
0.000258
0.000258
0.000655
0.000470
0.002272
0.000080
0.000120
0.000470
0.006119
0.000503
0.000129
0.001355
0.000040
0.000460
0.002544
0.000420
0.000129
0.001478
0.000803
0.000517
0.000460
0.000040
0.005805
0.001527
0.020968
0.009871
0.000251
0.001564
0.003425
0.015701
0.001393
0.000136
0.000554
0.005927
0.000007
0.000129
0.000040
0.000129
0.000129
0.000087
0.000040
0.000129
0.000984
0.001306
0.000460
0.000517
0.000007
0.000298
0.000247
0.001804
0.001182
0.018513
0.019110
0.000679
0.000869
0.000552
0.001550
0.055570
0.022575
0.000211
0.001015
0.000007
0.091774
0.001994
0.001266
0.000007
0.006749
0.001052
0.001182
0.008196
0.002196
0.035772
0.000470
0.000007
0.001767
0.034477
0.000209
0.017449
0.005140
0.002004
0.013549
0.001731
0.000251
0.001015
0.004712
0.000129
0.000040
0.000930
0.000388
0.000120
0.000258
0.000749
0.000381
0.012911
0.000897
0.000211
0.000890
0.012290
0.003352
0.000944
0.002443
0.003773
0.000883
0.000418
0.000550
0.001647
0.000381
0.000040
0.000552
0.000211
0.000249
0.000040
0.004827
0.000975
0.000632
0.000766
0.000801
0.001776
0.000803
0.000803
0.000296
0.000341
0.000296
0.000411
0.000510
0.011595
0.001365
0.000251
0.002694
0.005351
0.000129
0.000169
0.000467
0.000258
0.000364
0.000470
0.000944
0.000169
0.000810
0.000129
0.001273
0.000679
0.000432
0.000129
0.000129
0.000129
0.000129
0.000129
0.000298
0.000169
0.000129
0.000129
0.000129
0.000129
0.000129
0.000129
0.000129
0.000211
0.000211
0.015471
0.000890
0.000561
0.000341
0.000129
0.000129
0.000345
0.000129
0.000129
0.002246
0.000291
0.000160
0.002100
0.001907
0.001987
0.000129
0.001266
0.000510
0.000291
0.000040
0.000251
0.000120
0.000120
0.002100
0.000040
0.002060
0.001828
0.001828
0.000590
0.010442
0.003587
0.000251
0.000843
0.000681
0.002455
0.004750
0.000550
0.003221
0.000211
0.000728
0.000129
0.000129
0.000291
0.000211
0.000341
0.000211
0.000341
0.000129
0.000341
0.000211
0.000040
0.000211
0.000211
0.003430
0.000211
0.000381
0.000040
0.000169
0.010385
0.000129
0.000040
0.003599
0.003347
0.000211
0.000120
0.001022
0.000129
0.000728
0.003899
0.000965
0.002408
0.000040
0.000211
0.000681
0.000470
0.000251
0.000040
0.000686
0.000040
0.001266
0.000040
0.000040
0.000211
0.000169
0.000040
0.000169
0.000169
0.000761
0.000298
0.000040
0.000169
0.000040
0.001654
0.000211
0.000209
0.000428
0.000460
0.001809
0.000430
0.000007
0.000040
0.000209
0.000298
0.000463
0.000040
0.002274
0.000634
0.001872
0.000249
0.001482
0.000463
0.009060
0.000641
0.001048
0.000381
0.005927
0.002394
0.000040
0.000467
0.004003
0.000183
0.000169
0.000331
0.003080
0.000458
0.000371
0.000475
0.003117
0.000040
0.000169
0.000120
0.000129
0.000040
0.000211
0.000291
0.000040
0.000040
0.000169
0.000129
0.000136
0.000120
0.000120
0.000961
0.000129
0.000040
0.000211
0.000040
0.000129
0.000040
0.000120
0.000080
0.000040
0.017548
0.000040
0.017510
0.000674
0.000425
0.000275
0.000439
0.000080
0.000211
0.000756
0.000559
0.000040
0.000040
0.000211
0.000759
0.000973
0.000674
0.037092
0.084212
0.002666
0.000470
0.001264
0.000141
0.012161
0.000674
0.001811
0.001527
0.001104
0.000258
0.000630
0.000169
0.000169
0.000129
0.000639
0.000686
0.000510
0.000120
0.000848
0.000597
0.001099
0.000679
0.015351
0.000341
0.000040
0.000211
0.000298
0.000338
0.000129
0.000378
0.002286
0.001069
0.000510
0.000341
0.000547
0.000211
0.001264
0.000557
0.002403
0.000672
0.010503
0.001785
0.000120
0.000007
0.000040
0.001435
0.000470
0.000752
0.000251
0.001438
0.000080
0.003218
0.000087
0.000211
0.000517
0.000470
0.007200
0.002041
0.000973
0.000381
0.000169
0.000420
0.000040
0.000470
0.000895
0.000305
0.002429
0.002539
0.000216
0.034637
0.012819
0.018243
0.001355
0.001226
0.000799
0.000169
0.000251
0.001038
0.000080
0.000312
0.006342
0.001520
0.000211
0.000211
0.003911
0.000632
0.007630
0.000590
0.005253
0.000378
0.001708
0.000251
0.000341
0.001099
0.000040
0.000169
0.000517
0.000815
0.000211
0.000381
0.005922
0.000430
0.000763
0.006451
0.001736
0.000211
0.000634
0.000223
0.001233
0.000467
0.005809
0.008440
0.002088
0.000136
0.002001
0.006963
0.000129
0.000467
0.000211
0.000169
0.000007
0.000265
0.001095
0.000218
0.000211
0.000211
0.000251
0.000305
0.021012
0.001102
0.000040
0.000698
0.006413
0.001059
0.000719
0.000428
0.002288
0.005849
0.000599
0.000646
0.000007
0.000716
0.005774
0.003056
0.000129
0.000378
0.000129
0.023077
0.005574
0.000047
0.075443
0.000298
0.000129
0.000127
0.001489
0.000211
0.000040
0.000211
0.000040
0.021463
0.011172
0.000040
0.000080
0.000211
0.000040
0.016472
0.023871
0.001520
0.000169
0.000211
0.000040
0.000040
0.001665
0.000733
0.000500
0.000623
0.000040
0.000129
0.000787
0.000291
0.004743
0.000129
0.003735
0.000674
0.000420
0.000251
0.000040
0.000291
0.000381
0.001945
0.000040
0.000040
0.001574
0.000698
0.000956
0.000258
0.006653
0.001616
0.000169
0.015013
0.017855
0.003423
0.001365
0.000127
0.000021
0.000211
0.000211
0.000211
0.000632
0.005628
0.000209
0.015659
0.001370
0.004799
0.003754
0.006354
0.001003
0.001027
0.000251
0.000298
0.000211
0.001125
0.000040
0.000040
0.000580
0.000242
0.000209
0.000080
0.000129
0.000543
0.004529
0.000209
0.005011
0.001400
0.000211
0.000040
0.000169
0.000040
0.000463
0.002175
0.001564
0.000240
0.000080
0.000510
0.000129
0.000169
0.007043
0.000014
0.002185
0.002384
0.011001
0.009892
0.000289
0.000388
0.000305
0.001278
0.000388
0.000251
0.000129
0.001473
0.000169
0.000258
0.001954
0.000258
0.000211
0.000129
0.002786
0.001139
0.000169
0.000040
0.000129
0.002117
0.001243
0.029960
0.000176
0.028184
0.000129
0.000679
0.000550
0.000298
0.000298
0.000129
0.045685
0.001938
0.002234
0.000420
0.000143
0.000251
0.005459
0.000331
0.000552
0.000552
0.001886
0.001482
0.000235
0.000211
0.000235
0.001278
0.000080
0.000550
0.001661
0.000850
0.000698
0.000235
0.000728
0.000728
0.000592
0.000040
0.000040
0.001454
0.001325
0.000381
0.000040
0.001097
0.000806
0.000040
0.000129
0.011762
0.025891
0.011680
0.005758
0.004451
0.000129
0.000129
0.082208
0.044407
0.000987
0.075701
0.000775
0.000510
0.000040
0.011882
0.000752
0.011325
0.001341
0.006227
0.000498
0.000040
0.000047
0.000982
0.000211
0.000477
0.000087
0.000007
0.000129
0.000470
0.000341
0.002549
0.002549
0.001574
0.000211
0.011806
0.023580
0.002633
0.001823
0.150775
0.003850
0.002354
0.002013
0.042525
0.000968
0.003286
0.003921
0.004489
0.000040
0.059265
0.002894
0.007580
0.000810
0.000423
0.000129
0.011243
0.001097
0.002577
0.025062
0.004691
0.000211
0.002506
0.041771
0.016744
0.040101
0.000341
0.023319
0.105666
0.098353
0.000599
0.001522
0.022102
0.018154
0.004468
0.002817
0.052354
0.000235
0.001673
0.007545
0.002121
0.001870
0.001374
0.010693
0.001694
0.000583
0.008591
0.004440
0.000597
0.000258
0.000040
0.000129
0.000129
0.000129
0.024146
0.000587
0.001727
0.001938
0.000289
0.000047
0.000305
0.003040
0.002152
0.002030
0.000341
0.002412
0.000040
0.000258
0.002241
0.000637
0.000298
0.000669
0.000728
0.000129
0.000597
0.000258
0.000258
0.000338
0.001813
0.004947
0.002511
0.000477
0.002619
0.000980
0.001877
0.001877
0.000977
0.000940
0.000716
0.000418
0.004381
0.003660
0.001572
0.000129
0.000129
0.000251
0.001062
0.021226
0.000388
0.228391
0.048584
0.038959
0.006911
0.000251
0.000211
0.000491
0.000129
0.000129
0.000211
0.000679
0.000634
0.000211
0.142934
0.000298
0.002154
0.006469
0.000996
0.000120
0.000174
0.000209
0.004245
0.000510
0.000547
0.000211
0.000047
0.000080
0.000040
0.001560
0.000669
0.000803
0.000677
0.000211
0.000463
0.000597
0.000080
0.000298
0.000040
0.013141
0.006580
0.000040
0.000470
0.000040
0.001830
0.000169
0.000679
0.000475
0.001320
0.008191
0.000378
0.000169
0.003063
0.000258
0.000080
0.000129
0.008884
0.030449
0.000420
0.011729
0.000251
0.000211
0.000251
0.003089
0.005826
0.000766
0.001179
0.000341
0.000211
0.000211
0.000381
0.000251
0.000129
0.000251
0.000040
0.000251
0.000463
0.000211
0.000040
0.000674
0.000752
0.000583
0.046230
0.076878
0.000341
0.004447
0.001238
0.049241
0.049194
0.000129
0.000040
0.000129
0.151755
0.000754
0.000381
0.000169
0.000338
0.008464
0.000211
0.000160
0.000381
0.000040
0.000211
0.000040
0.000129
0.087003
0.000014
0.000014
0.000211
0.000381
0.000226
0.000251
0.014802
0.025617
0.000540
0.000169
0.000080
0.000420
0.000644
0.000395
0.000211
0.029967
0.019476
0.018539
0.000211
0.000719
0.003359
0.003874
0.014599
0.000341
0.000298
0.000258
0.091703
0.102920
0.048529
0.002661
0.000378
0.002906
0.018088
0.070817
0.001539
0.001694
0.002119
0.000463
0.041572
0.001637
0.000211
0.000639
0.000381
0.000040
0.000211
0.001059
0.000590
0.000251
0.000341
0.053352
0.003488
0.000040
0.000040
0.000341
0.000510
0.000298
0.010665
0.000080
0.000893
0.001520
0.000211
0.000209
0.000801
0.000211
0.001400
0.000557
0.000211
0.000040
0.000258
0.000040
0.006979
0.000211
0.000040
0.000040
0.000423
0.000211
0.001097
0.000251
0.000282
0.000127
0.166049
0.078969
0.000047
0.285055
0.000080
0.001971
0.005819
0.003620
0.014757
0.000129
0.000129
0.000630
0.135520
0.000484
0.000850
0.000498
0.000597
0.000388
0.001668
0.003312
0.001172
0.001043
0.001351
0.000510
0.000129
0.000211
0.000759
0.000040
0.002730
0.000937
0.000639
0.000280
0.001745
0.000218
0.001654
0.000129
0.000975
0.000423
0.005457
0.001597
0.000040
0.007691
0.000897
0.000251
0.002269
0.000040
0.000080
0.000211
0.000040
0.000702
0.000886
0.000341
0.000341
0.000627
0.001036
0.000040
0.006667
0.000211
0.000209
0.000129
0.000047
0.000418
0.000087
0.000651
0.000040
0.001158
0.000265
0.000040
0.000265
0.005922
0.000418
0.000129
0.000211
0.000167
0.005631
0.000080
0.000040
0.000211
0.000211
0.000235
0.000080
0.000453
0.000047
0.000040
0.000014
0.016937
0.000120
0.000423
0.000080
0.000040
0.000240
0.000040
0.000167
0.000040
0.000235
0.000282
0.000235
0.000190
0.000136
0.000136
0.000047
0.000251
0.000576
0.000007
0.000120
0.000040
0.000080
0.000470
0.000169
0.000369
0.000080
0.000007
0.000040
0.000047
0.000007
0.000404
0.026613
0.000169
0.000369
0.000040
0.000291
0.000047
0.000120
0.000040
0.001882
0.000937
0.000550
0.000458
0.000289
0.000080
0.002676
0.000040
0.001182
0.000256
0.000007
0.000291
0.001637
0.000129
0.000040
0.000040
0.000040
0.000954
0.000040
0.000428
0.120935
0.000500
0.006439
0.006866
0.013195
0.002925
0.001708
0.001557
0.000235
0.001315
0.000129
0.000235
0.000169
0.021452
0.001769
0.001099
0.003113
0.001750
0.000242
0.000658
0.000235
0.000409
0.000040
0.000209
0.000249
0.000937
0.000256
0.000014
0.000242
0.001759
0.006512
0.000364
0.000242
0.010651
0.000235
0.000040
0.000129
0.000129
0.001337
0.000211
0.000211
0.003998
0.000129
0.000705
0.000470
0.021978
0.072135
0.001022
0.000040
0.026371
0.016507
0.000256
0.000897
0.001158
0.246779
0.150841
0.000937
0.000265
0.000129
0.000040
0.000211
0.000129
0.004616
0.000169
0.000129
0.000587
0.117343
0.001010
0.000258
0.000040
0.000298
0.000129
0.023026
0.000420
0.000552
0.000348
0.000040
0.000987
0.005640
0.001668
0.387068
0.163023
0.216446
0.000080
0.000712
0.056394
0.000237
0.000169
0.000021
0.000080
0.000040
0.000251
0.000348
0.000129
0.004116
0.000209
0.001203
0.000242
0.020317
0.020568
0.000933
0.000933
0.000211
0.000211
0.000014
0.000211
0.000543
0.001755
0.000167
0.000129
0.000550
0.001860
0.000409
0.000848
0.029984
0.007914
0.000263
0.001461
0.001910
0.000007
0.001863
0.000040
0.004703
0.000423
0.001015
0.000681
0.000129
0.000129
0.000040
0.000211
0.000829
0.000460
0.000040
0.002532
0.000381
0.000251
0.000129
0.000263
0.000211
0.000040
0.001959
0.001367
0.000510
0.000211
0.055689
0.000653
0.000265
0.000258
0.000129
0.000423
0.000639
0.000265
0.000249
0.000552
0.000251
0.041149
0.000223
0.000669
0.000054
0.003037
0.000420
0.000007
0.000258
0.000341
0.000129
0.000517
0.001057
0.000552
0.001353
0.001191
0.000933
0.000768
0.055600
0.001525
0.000341
0.000550
0.000801
0.000510
0.001238
0.000129
0.000599
0.000341
0.000129
0.000129
0.000763
0.001151
0.000552
0.000211
0.000947
0.009730
0.000672
0.014419
0.000470
0.000129
0.000007
0.001198
0.000477
0.000209
0.000080
0.000040
0.000040
0.000129
0.000211
0.000129
0.000040
0.000169
0.000298
0.000040
0.000169
0.000388
0.000169
0.000352
0.000040
0.000846
0.000552
0.000423
0.000291
0.000237
0.002582
0.001313
0.005525
0.001694
0.000341
0.000364
0.000341
0.000338
0.000129
0.000129
0.001050
0.004541
0.000839
0.000120
0.000298
0.000298
0.000249
0.001010
0.001210
0.000148
0.000980
0.000655
0.000218
0.000129
0.000181
0.000040
0.000211
0.002189
0.000007
0.000218
0.000080
0.000423
0.000211
0.000211
0.001912
0.007837
0.000211
0.000129
0.000507
0.000080
0.000632
0.000129
0.000517
0.000258
0.000211
0.004400
0.000209
0.003514
0.000557
0.000129
0.000294
0.003000
0.006876
0.002114
0.001649
0.000900
0.000341
0.000639
0.000251
0.002932
0.000136
0.000517
0.008842
0.000815
0.000775
0.000047
0.000423
0.000517
0.000298
0.001576
0.006732
0.000632
0.000251
0.000529
0.004428
0.005814
0.000040
0.000423
0.001332
0.000080
0.001050
0.000510
0.000040
0.000103
0.000404
0.000211
0.000080
0.000169
0.000388
0.001031
0.000378
0.000557
0.000040
0.000500
0.000080
0.000249
0.000040
0.000040
0.000040
0.001271
0.000381
0.008130
0.000491
0.000209
0.000721
0.000402
0.000639
0.000040
0.000841
0.001743
0.001658
0.000218
0.000289
0.000176
0.003284
0.000886
0.000120
0.000087
0.000467
0.000169
0.001229
0.000338
0.000040
0.000705
0.001278
0.000129
0.000129
0.006035
0.000423
0.001245
0.000209
0.000211
0.000510
0.001109
0.000341
0.000235
0.000324
0.000672
0.001099
0.000341
0.000211
0.000040
0.000176
0.000371
0.000211
0.003418
0.000681
0.000686
0.000040
0.000211
0.000385
0.000216
0.052612
0.036735
0.001701
0.001701
0.000007
0.001022
0.000601
0.000014
0.000592
0.000040
0.000218
0.000341
0.000211
0.000249
0.000409
0.002934
0.000216
0.000169
0.000533
0.000806
0.000211
0.000235
0.001102
0.104783
0.001332
0.000869
0.001283
0.000305
0.000982
0.000296
0.000557
0.095269
0.000129
0.000136
0.000211
0.000211
0.000211
0.001313
0.000129
0.000211
0.000721
0.000552
0.000080
0.000040
0.000176
0.000040
0.001449
0.000841
0.000470
0.002250
0.000087
0.000080
0.000211
0.000169
0.000385
0.000007
0.000305
0.001022
0.000007
0.002878
0.000545
0.000289
0.000470
0.000040
0.000087
0.000381
0.000136
0.000251
0.006655
0.000176
0.000235
0.000040
0.000611
0.000080
0.000129
0.000319
0.004487
0.008081
0.000040
0.001048
0.000658
0.139716
0.000040
0.000040
0.000615
0.000047
0.004156
0.003686
0.003474
0.000129
0.000552
0.000341
0.000341
0.000606
0.000169
0.000087
0.011574
0.018302
0.000209
0.000211
0.220900
0.200754
0.000127
0.000129
0.002060
0.041287
0.045936
0.000846
0.001346
0.000040
0.002965
0.024724
0.000040
0.001825
0.000256
0.000249
0.000646
0.002185
0.000510
0.001085
0.001738
0.000940
0.000599
0.000129
0.000211
0.000211
0.000897
0.000298
0.000040
0.000226
0.001097
0.001266
0.006307
0.000249
0.000378
0.005201
0.000211
0.000120
0.000040
0.000068
0.000047
0.000129
0.000129
0.000547
0.001308
0.000968
0.000040
0.002563
0.009175
0.000749
0.000129
0.002896
0.000789
0.000047
0.004848
0.213077
0.031550
0.000211
0.023387
0.004616
0.000040
0.002168
0.000329
0.000251
0.000169
0.000129
0.000486
0.000592
0.000423
0.000768
0.000463
0.003766
0.015513
0.014057
0.000545
0.000040
0.000768
0.000007
0.000129
0.000794
0.000040
0.000094
0.000641
0.000040
0.000129
0.000846
0.000040
0.000169
0.000040
0.000298
0.000712
0.000782
0.000040
0.024708
0.002222
0.000890
0.000815
0.000169
0.000630
0.000040
0.000338
0.000120
0.000498
0.004548
0.000467
0.000211
0.000129
0.000550
0.000211
0.000258
0.000547
0.090381
0.000973
0.000517
0.002189
0.006075
0.001153
0.000007
0.001727
0.000420
0.000169
0.000129
0.000763
0.000423
0.045816
0.001365
0.000120
0.000047
0.000040
0.000470
0.000040
0.000475
0.000040
0.000298
0.010031
0.000080
0.000211
0.000167
0.000249
0.000040
0.000420
0.000463
0.000040
0.000376
0.001910
0.009300
0.000719
0.000256
0.000169
0.000169
0.000040
0.000251
0.001917
0.002798
0.001611
0.000890
0.000592
0.001085
0.000705
0.000040
0.000893
0.000470
0.009352
0.000040
0.000169
0.000850
0.000381
0.005375
0.000040
0.000040
0.000040
0.000040
0.001125
0.001125
0.000040
0.000298
0.000235
0.456873
0.269518
0.004611
0.000211
0.000129
0.000258
0.000211
0.085638
0.085229
0.001146
0.000926
0.000926
0.000341
0.001734
0.000040
0.000428
0.000209
0.000510
0.001236
0.000557
0.000428
0.000561
0.000181
0.000134
0.000040
0.000040
0.000007
0.000169
0.000169
0.000209
0.000129
0.000258
0.000080
0.000080
0.002048
0.000630
0.000209
0.000080
0.003827
0.000327
0.000467
0.002748
0.001520
0.001858
0.000510
0.000587
0.000550
0.000040
0.000540
0.000120
0.001727
0.000721
0.000251
0.058381
0.059918
0.000080
0.000973
0.005163
0.000040
0.000803
0.002340
0.000599
0.004144
0.000014
0.015678
0.015332
0.000500
0.014005
0.001954
0.000047
0.002988
0.000590
0.000341
0.000984
0.005321
0.000211
0.001290
0.000470
0.000129
0.003549
0.000129
0.000388
0.000129
0.003707
0.171912
0.262706
0.000040
0.002375
0.000597
0.000667
0.000040
0.000291
0.001905
0.000876
0.000933
0.000169
0.000763
0.000975
0.000975
0.000040
0.000129
0.000411
0.000007
0.000040
0.000402
0.023317
0.000080
0.000040
0.000129
0.000040
0.000080
0.029347
0.000127
0.000258
0.000258
0.000080
0.001062
0.000200
0.000627
0.000592
0.000338
0.001527
0.000251
0.001146
0.000639
0.000388
0.003204
0.000087
0.001405
0.001057
0.000655
0.000477
0.000348
0.000211
0.000258
0.001052
0.000291
0.000007
0.000040
0.000291
0.000040
0.000291
0.000040
0.000040
0.000463
0.000606
0.000606
0.000606
0.000463
0.000040
0.000211
0.000211
0.000423
0.000345
0.000543
0.000291
0.013340
0.000143
0.000143
0.002328
0.001952
0.000040
0.000470
0.000120
0.000832
0.000129
0.000129
0.000129
0.000987
0.000258
0.000801
0.000169
0.000169
0.000129
0.000510
0.000129
0.000470
0.000007
0.000040
0.000129
0.000040
0.005762
0.000388
0.003012
0.001015
0.000463
0.000463
0.000298
0.000129
0.000040
0.005043
0.001485
0.000040
0.000773
0.000599
0.000040
0.000258
0.000251
0.000007
0.000007
0.000580
0.003599
0.000343
0.000211
0.000040
0.000047
0.000047
0.000054
0.000876
0.000040
0.000291
0.000040
0.000298
0.014294
0.000129
0.000129
0.000209
0.000040
0.000129
0.000176
0.000169
0.000423
0.000040
0.000291
0.000251
0.000420
0.000040
0.000381
0.000129
0.000258
0.000040
0.000129
0.000129
0.000428
0.000719
0.000129
0.000590
0.000258
0.015894
0.000040
0.001393
0.000040
0.000040
0.000136
0.000040
0.055464
0.000129
0.000258
0.001776
0.000160
0.006274
0.000169
0.000209
0.000040
0.000040
0.000120
0.004487
0.254804
0.167984
0.059145
0.000258
0.000129
0.000040
0.000040
0.000150
0.000587
0.000510
0.000890
0.000341
0.000129
0.000040
0.000061
0.000040
0.000007
0.002175
0.001062
0.000590
0.000087
0.000087
0.000904
0.000129
0.000298
0.000169
0.000341
0.000763
0.001738
0.000080
0.002990
0.000251
0.000040
0.002135
0.000120
0.000129
0.001146
0.000120
0.000080
0.000129
0.003653
0.000129
0.000211
0.001358
0.000639
0.000627
0.000129
0.000470
0.000728
0.000047
0.000211
0.000258
0.000129
0.000557
0.003528
0.003439
0.000388
0.121097
0.002330
0.000376
0.000336
0.000211
0.000040
0.000298
0.008952
0.000176
0.000341
0.000129
0.002182
0.000176
0.000129
0.001398
0.000599
0.002072
0.000040
0.000007
0.000136
0.000251
0.000080
0.001849
0.000169
0.000007
0.000275
0.000289
0.001386
0.000169
0.000169
0.000592
0.000007
0.000120
0.000120
0.000249
0.000216
0.000040
0.000120
0.000947
0.000007
0.000007
0.000169
0.001036
0.000216
0.000040
0.000211
0.000040
0.001567
0.000047
0.000129
0.000040
0.000040
0.000298
0.000460
0.001019
0.040998
0.000007
0.000080
0.020561
0.001010
0.001264
0.000040
0.000129
0.000249
0.000087
0.000275
0.007315
0.000639
0.000028
0.000040
0.000040
0.000169
0.000738
0.000808
0.001447
0.008379
0.000129
0.000040
0.000007
0.000378
0.000040
0.000136
0.000007
0.000129
0.000341
0.000211
0.042314
0.002840
0.000258
0.000080
0.000258
0.000129
0.000129
0.000381
0.000381
0.000258
0.014623
0.000815
0.000599
0.000726
0.000080
0.000265
0.001315
0.000169
0.000169
0.000550
0.000341
0.000129
0.000352
0.000209
0.000160
0.001097
0.000669
0.002255
0.000169
0.028137
0.001355
0.000080
0.000040
0.000270
0.000087
0.008767
0.000806
0.000216
0.004144
0.000195
0.000195
0.002751
0.000341
0.003798
0.000298
0.003554
0.000129
0.000211
0.000211
0.000160
0.000127
0.005650
0.000129
0.005736
0.000129
0.000129
0.000129
0.000129
0.001701
0.000423
0.000423
0.000176
0.000211
0.000209
0.002593
0.000987
0.000169
0.000211
0.000120
0.000080
0.000040
0.000040
0.000686
0.000265
0.000120
0.004120
0.000120
0.000080
0.000040
0.000218
0.000040
0.000040
0.000211
0.001045
0.000258
0.000209
0.000639
0.000040
0.000136
0.000432
0.000169
0.000176
0.000040
0.000251
0.000129
0.000338
0.000265
0.000944
0.000265
0.000040
0.000129
0.000129
0.000298
0.003561
0.001142
0.000721
0.000420
0.000040
0.000211
0.000510
0.000040
0.000040
0.000040
0.001137
0.000040
0.000047
0.000040
0.000897
0.000054
0.000211
0.000507
0.001017
0.000129
0.000129
0.000040
0.000040
0.000040
0.000054
0.000040
0.000240
0.004008
0.000129
0.000211
0.000211
0.000040
0.000040
0.004524
0.007811
0.000218
0.000129
0.000235
0.000251
0.006444
0.051153
0.002457
0.000381
0.000211
0.000094
0.000040
0.000040
0.001095
0.000258
0.000388
0.000040
0.000348
0.000258
0.022495
0.003674
0.000388
0.001407
0.001419
0.000211
0.000040
0.000129
0.000169
0.000080
0.000211
0.000169
0.001525
0.000080
0.000211
0.000456
0.026878
0.000975
0.003512
0.000890
0.000249
0.000503
0.003495
0.000388
0.000963
0.000423
0.000552
0.010181
0.000040
0.004294
0.004294
0.004165
0.001348
0.001301
0.000047
0.000007
0.000040
0.000040
0.000183
0.000160
0.000087
0.000428
0.003603
0.000331
0.034576
0.003263
0.006587
0.001875
0.003535
0.000251
0.000211
0.000040
0.000211
0.000040
0.000040
0.001186
0.001738
0.000218
0.000211
0.000517
0.000517
0.000615
0.000040
0.000129
0.000418
0.000040
0.000209
0.000627
0.009265
0.001370
0.000040
0.000904
0.000261
0.000498
0.000040
0.005917
0.000305
0.000129
0.000742
0.000319
0.000007
0.000211
0.000129
0.000545
0.000080
0.000341
0.016589
0.000169
0.001330
0.000080
0.000129
0.000129
0.000211
0.015079
0.036568
0.002126
0.006671
0.000129
0.000040
0.004435
0.001102
0.004799
0.000298
0.005863
0.001045
0.000040
0.000587
0.000561
0.002645
0.000388
0.000428
0.001435
0.000388
0.000129
0.000258
0.000129
0.000209
0.000211
0.000129
0.000338
0.000136
0.000251
0.000298
0.001560
0.000550
0.000639
0.000040
0.000040
0.000040
0.000251
0.000503
0.000129
0.000129
0.000211
0.000258
0.000341
0.000080
0.000893
0.000129
0.055527
0.002957
0.000256
0.000040
0.000080
0.000416
0.000160
0.000040
0.000014
0.000040
0.003850
0.000782
0.000040
0.000129
0.000160
0.000291
0.000141
0.000080
0.000040
0.000291
0.000552
0.000211
0.002314
0.000129
0.000129
0.000341
0.000341
0.000627
0.000258
0.000428
0.000129
0.000129
0.000129
0.000129
0.000129
0.000129
0.000381
0.000169
0.000040
0.000129
0.000040
0.000169
0.007663
0.011468
0.000129
0.000428
0.000129
0.000216
0.009439
0.000080
0.000136
0.000679
0.007449
0.001074
0.000298
0.000298
0.001823
0.001536
0.008208
0.002563
0.005215
0.002422
0.000331
0.002666
0.002114
0.001102
0.001102
0.000850
0.000312
0.000190
0.000423
0.000258
0.000258
0.000040
0.000040
0.000674
0.000040
0.000040
0.000362
0.000183
0.000512
0.000211
0.000007
0.000040
0.000087
0.000040
0.000080
0.000007
0.000258
0.000047
0.000040
0.000183
0.000235
0.000420
0.000242
0.000179
0.000510
0.000235
0.000235
0.000007
0.000007
0.001057
0.000475
0.000235
0.007703
0.000881
0.000129
0.011257
0.000428
0.000129
0.000211
0.001595
0.000169
0.000843
0.000460
0.000211
0.000460
0.000040
0.000169
0.000040
0.000129
0.000428
0.000251
0.000040
0.000218
0.001182
0.000242
0.001012
0.000341
0.000251
0.002366
0.000211
0.000211
0.000211
0.000216
0.000080
0.000848
0.000848
0.000200
0.000040
0.000040
0.000258
0.000848
0.000463
0.000040
0.000007
0.000470
0.000766
0.000428
0.000129
0.000129
0.001912
0.000470
0.001442
0.000258
0.000251
0.001442
0.000592
0.000129
0.000211
0.000211
0.000211
0.000258
0.000040
0.000169
0.000341
0.000129
0.000129
0.000129
0.000258
0.000209
0.000251
0.000080
0.000040
0.000040
0.000249
0.000040
0.140324
0.001649
0.000040
0.120834
0.000129
0.000129
0.000040
0.000763
0.000763
0.000315
0.000315
0.000169
0.000712
0.000322
0.000007
0.000040
0.000341
0.000047
0.001017
0.000129
0.008001
0.000007
0.000007
0.000040
0.000355
0.000129
0.000129
0.000214
0.000040
0.000258
0.000862
0.000169
0.000371
0.000129
0.000223
0.000040
0.000040
0.000040
0.000129
0.000846
0.000599
0.002899
0.001543
0.000503
0.000507
0.097200
0.000040
0.002126
0.000136
0.001438
0.000247
0.000209
0.000129
0.000211
0.000381
0.022514
0.003066
0.000209
0.000775
0.000209
0.000129
0.000040
0.000129
0.000209
0.000211
0.000348
0.000080
0.001900
0.005447
0.001741
0.001266
0.000806
0.000169
0.000080
0.000554
0.001574
0.000289
0.000747
0.000510
0.000848
0.000618
0.000578
0.000080
0.000338
0.000169
0.000399
0.000120
0.000120
0.000169
0.001095
0.000258
0.000209
0.000378
0.000040
0.000209
0.000129
0.000211
0.000129
0.000129
0.006298
0.000169
0.000258
0.008078
0.000129
0.000728
0.005915
0.000510
0.002093
0.000047
0.000040
0.000251
0.000258
0.005833
0.001024
0.000258
0.006084
0.000129
0.000338
0.000080
0.000007
0.000129
0.000040
0.000129
0.000040
0.000599
0.000218
0.000291
0.000040
0.002027
0.000251
0.000977
0.000249
0.000249
0.000040
0.000129
0.000040
0.000040
0.000040
0.000211
0.000040
0.000291
0.001332
0.000719
0.000604
0.000080
0.001769
0.000926
0.033096
0.028800
0.004292
0.001508
0.032584
0.001318
0.001355
0.000169
0.000129
0.000810
0.000040
0.000263
0.000169
0.000040
0.000007
0.000143
0.000136
0.000627
0.000409
0.001581
0.000209
0.000129
0.001203
0.000080
0.000211
0.000047
0.000040
0.000040
0.000040
0.000646
0.000047
0.000040
0.000686
0.001059
0.000209
0.000040
0.000251
0.007698
0.000211
0.006986
0.009053
0.005391
0.000040
0.006866
0.002586
0.001104
0.000763
0.000211
0.000211
0.000129
0.001057
0.000129
0.000846
0.000120
0.000258
0.000080
0.000169
0.000129
0.000211
0.026636
0.001017
0.001327
0.000129
0.002163
0.000681
0.000280
0.000280
0.000341
0.000341
0.000080
0.004257
0.000458
0.000007
0.000129
0.000836
0.008097
0.000752
0.000209
0.000235
0.000040
0.000211
0.000040
0.000251
0.000211
0.000211
0.000129
0.000808
0.000467
0.000129
0.000458
0.000129
0.000169
0.000136
0.000707
0.000129
0.000129
0.000510
0.000129
0.000007
0.000087
0.000590
0.000381
0.000129
0.000040
0.000136
0.000127
0.000211
0.000129
0.000850
0.000681
0.000211
0.000129
0.000470
0.000214
0.000850
0.000080
0.000890
0.000258
0.000428
0.000129
0.000503
0.000251
0.000428
0.000129
0.000129
0.000841
0.001611
0.000209
0.000129
0.000007
0.000336
0.000040
0.000007
0.000580
0.007209
0.000211
0.000211
0.000129
0.001914
0.000345
0.000305
0.000298
0.000040
0.001783
0.000423
0.000040
0.000298
0.000129
0.001907
0.000249
0.000507
0.000211
0.000040
0.000040
0.000040
0.000341
0.000129
0.000341
0.000341
0.000129
0.000338
0.001022
0.000129
0.000129
0.000080
0.000040
0.000040
0.000129
0.000162
0.000592
0.000040
0.001344
0.003843
0.000630
0.000364
0.000007
0.000258
0.000378
0.001830
0.001830
0.000258
0.001572
0.000129
0.000169
0.000040
0.000235
0.000235
0.002241
0.000684
0.000080
0.000552
0.000552
0.000258
0.000129
0.000258
0.001034
0.000211
0.000592
0.023347
0.000423
0.000846
0.000637
0.000169
0.000305
0.000040
0.000211
0.000211
0.000437
0.000423
0.000007
0.000040
0.000766
0.000298
0.000623
0.000129
0.000040
0.000258
0.000047
0.000338
0.000040
0.000258
0.000289
0.000040
0.002697
0.000129
0.000263
0.000305
0.031445
0.000129
0.000040
0.000467
0.000129
0.000341
0.004191
0.000275
0.000235
0.000040
0.000599
0.000014
0.000007
0.000007
0.000007
0.000263
0.000223
0.000218
0.000080
0.002380
0.000341
0.002039
0.002420
0.000129
0.000235
0.000129
0.000298
0.000007
0.000007
0.000298
0.000510
0.000129
0.000127
0.000719
0.000129
0.000129
0.000423
0.000129
0.007089
0.003007
0.000040
0.000082
0.002840
0.000040
0.000359
0.000521
0.000672
0.000007
0.000129
0.002478
0.000258
0.000209
0.000040
0.000169
0.000080
0.000040
0.000040
0.000007
0.000345
0.000256
0.000169
0.000129
0.000007
0.000040
0.006303
0.002950
0.005652
0.013399
0.004400
0.005957
0.000209
0.000040
0.000388
0.000129
0.000129
0.001802
0.000129
0.000258
0.000258
0.000129
0.000040
0.000258
0.000040
0.000890
0.000251
0.000258
0.000129
0.000129
0.001886
0.001412
0.000080
0.000176
0.000007
0.000136
0.000054
0.125149
0.099016
0.000169
0.000040
0.000129
0.000176
0.000040
0.000040
0.000040
0.000040
0.000385
0.000080
0.000169
0.000040
0.000251
0.002196
0.000928
0.000211
0.000040
0.000040
0.000129
0.000169
0.011259
0.213932
0.000211
0.000364
0.076324
0.017902
0.000381
0.000423
0.000543
0.000209
0.000169
0.002485
0.000533
0.000080
0.001647
0.000129
0.000329
0.002265
0.000740
0.001323
0.000040
0.000040
0.000420
0.000040
0.000040
0.000080
0.002027
0.000517
0.000040
0.000970
0.000169
0.002133
0.000235
0.001999
0.000298
0.000510
0.000930
0.000291
0.000169
0.014841
0.000681
0.000007
0.000040
0.000467
0.000129
0.000040
0.000047
0.000040
0.004693
0.000169
0.000601
0.000040
0.000129
0.000169
0.000040
0.000129
0.000129
0.000550
0.000040
0.000298
0.000428
0.000482
0.001027
0.000428
0.000378
0.000129
0.000129
0.000987
0.001109
0.000040
0.002694
0.004487
0.000129
0.000557
0.008093
0.000129
0.000129
0.000080
0.000169
0.000080
0.000258
0.000129
0.000040
0.000040
0.000378
0.008102
0.000040
0.004019
0.000129
0.000319
0.142030
0.002027
0.000249
0.000200
0.000418
0.000136
0.000775
0.000040
0.000381
0.000291
0.000291
0.000129
0.000129
0.020120
0.000047
0.000423
0.000890
0.000258
0.000341
0.000129
0.000211
0.060284
0.000510
0.000547
0.000298
0.000209
0.000169
0.015079
0.000040
0.000040
0.000129
0.000209
0.000040
0.000510
0.000169
0.000251
0.004722
0.000467
0.000968
0.000977
0.000719
0.000345
0.005997
0.000054
0.000007
0.000007
0.000312
0.000129
0.000209
0.004353
0.000127
0.000047
0.000040
0.000799
0.000728
0.107409
0.000129
0.003418
0.000129
0.000129
0.000136
0.000388
0.000258
0.000007
0.000209
0.001771
0.000211
0.000331
0.000341
0.000040
0.000040
0.000040
0.000040
0.000040
0.000289
0.003639
0.013127
0.000040
0.000007
0.045154
0.000587
0.000129
0.000437
0.000014
0.000472
0.000040
0.000143
0.022690
0.000211
0.000211
0.000211
0.000047
0.000014
0.000235
0.000040
0.000209
0.000040
0.001233
0.000129
0.001233
0.000258
0.014365
0.000129
0.000423
0.000211
0.000381
0.000169
0.000211
0.000040
0.000423
0.000047
0.000169
0.000510
0.000211
0.000040
0.000129
0.000211
0.000251
0.000211
0.008856
0.000909
0.000129
0.000040
0.000040
0.000040
0.000251
0.000040
0.000338
0.000136
0.000211
0.000040
0.000040
0.000040
0.005826
0.000681
0.000007
0.000040
0.000420
0.000388
0.000040
0.000423
0.000040
0.000129
0.000211
0.000129
0.000129
0.000129
0.000040
0.000040
0.000040
0.000040
0.000510
0.000040
0.000169
0.000169
0.000040
0.000510
0.000040
0.000341
0.000129
0.000129
0.000040
0.000007
0.000129
0.000211
0.002610
0.000040
0.000169
0.000211
0.000211
0.000420
0.000470
0.000129
0.000254
0.000014
0.000129
0.000211
0.000251
0.000599
0.000120
0.000423
0.000298
0.000007
0.000007
0.000258
0.000129
0.000040
0.000254
0.000338
0.000040
0.000258
0.009392
0.001377
0.000040
0.002586
0.007994
0.000174
0.000211
0.003239
0.003239
0.007919
0.000129
0.000552
0.000428
0.000129
0.000129
0.001146
0.001668
0.000341
0.001019
0.000251
0.003723
0.001870
0.000258
0.000803
0.000388
0.000634
0.000761
0.000364
0.002807
0.006984
0.001795
0.001532
0.000209
0.001210
0.547496
0.000667
0.000258
0.000129
0.000388
0.011019
0.000211
0.000040
0.000040
0.000169
0.000298
0.005650
0.000291
0.000169
0.017097
0.000235
0.000129
0.000681
0.000080
0.000627
0.053606
0.039013
0.000599
0.000087
0.000136
0.003674
0.001212
0.000040
0.000136
0.007313
0.001022
0.000251
0.000298
0.000129
0.006671
0.005741
0.000298
0.000291
0.000040
0.002314
0.002131
0.000470
0.000047
0.000510
0.000597
0.000686
0.000169
0.000298
0.000251
0.000470
0.033286
0.020883
0.000047
0.000597
0.023347
0.008800
0.003822
0.001062
0.001062
0.000599
0.000587
0.000587
0.000007
0.000129
0.002196
0.019319
0.013573
0.006244
0.000169
0.000331
0.000846
0.000258
0.000258
0.000381
0.000341
0.000169
0.030366
0.000080
0.000378
0.000169
0.000329
0.000216
0.000129
0.000129
0.000559
0.000597
0.000040
0.000442
0.000275
0.000047
0.001005
0.000258
0.000341
0.005260
0.290928
0.202542
0.069434
0.053542
0.004376
0.023463
0.009164
0.011600
0.000803
0.000721
0.000169
0.022474
0.001358
0.004144
0.000251
0.001579
0.000129
0.011259
0.001149
0.000169
0.000007
0.000388
0.000766
0.000040
0.000080
0.000211
0.000040
0.000646
0.009380
0.001163
0.003157
0.000547
0.004289
0.000768
0.001144
0.000211
0.000435
0.000211
0.000381
0.000087
0.000169
0.001743
0.008053
0.000329
0.000460
0.000425
0.000298
0.002814
0.000129
0.000169
0.000639
0.001668
0.004712
0.000423
0.000080
0.000298
0.000040
0.000040
0.000423
0.001945
0.000418
0.001407
0.002824
0.000040
0.000235
0.031849
0.083939
0.000766
0.000075
0.000007
0.000040
0.000040
0.011386
0.000169
0.000169
0.000129
0.000258
0.000129
0.000211
0.033845
0.000211
0.000007
0.008219
0.008219
0.000388
0.000341
0.000632
0.000169
0.000289
0.000040
0.000890
0.000381
0.000423
0.000129
0.000211
0.000305
0.000251
0.000477
0.000007
0.000211
0.000592
0.000129
0.000251
0.000211
0.000211
0.003199
0.003199
0.001501
0.000388
0.000388
0.000040
0.000381
0.000169
0.000169
0.000211
0.001019
0.000552
0.000665
0.000108
0.000578
0.000303
0.003113
0.000298
0.000129
0.002304
0.000211
0.000129
0.000080
0.000763
0.001362
0.000080
0.000435
0.000531
0.005382
0.000129
0.000590
0.000420
0.000341
0.000211
0.000129
0.000808
0.000940
0.000129
0.000388
0.000381
0.000808
0.000169
0.000463
0.000341
0.000120
0.000040
0.000040
0.009664
0.001534
0.001654
0.006911
0.013145
0.000639
0.002469
0.001344
0.004116
0.004665
0.000211
0.000129
0.001050
0.002368
0.005112
0.000801
0.001701
0.000040
0.000258
0.000937
0.000040
0.000897
0.000068
0.000014
0.000040
0.001619
0.014877
0.001910
0.077684
0.003399
0.005170
0.010099
0.000129
0.000806
0.000761
0.000592
0.001370
0.000498
0.000129
0.000388
0.000211
0.001548
0.004177
0.001137
0.005302
0.000007
0.009082
0.008645
0.000618
0.000341
0.000087
0.000211
0.002619
0.002469
0.000357
0.000853
0.000129
0.000345
0.000169
0.000129
0.004602
0.170327
0.000432
0.000420
0.000926
0.005065
0.000463
0.000420
0.002502
0.000580
0.000169
0.000129
0.000129
0.027717
0.000341
0.001564
0.000040
0.000040
0.000040
0.000040
0.002464
0.002326
0.000420
0.011449
0.018323
0.009988
0.000331
0.000789
0.000531
0.000183
0.000930
0.000249
0.000251
0.000933
0.000136
0.000470
0.000341
0.003007
0.000169
0.008297
0.004710
0.008851
0.000637
0.051811
0.000855
0.000080
0.000341
0.001182
0.007651
0.001222
0.000251
0.000381
0.000040
0.003568
0.001268
0.006014
0.003777
0.000425
0.000047
0.000425
0.000216
0.000681
0.001619
0.000298
0.000510
0.000211
0.000129
0.000080
0.000169
0.002647
0.000129
0.000940
0.001905
0.000341
0.001564
0.000169
0.000970
0.000228
0.000094
0.001125
0.000127
0.000446
0.001059
0.002589
0.000918
0.008579
0.000007
0.000890
0.000341
0.007775
0.001355
0.001184
0.001614
0.000129
0.000040
0.000040
0.000007
0.027259
0.000211
0.000040
0.000040
0.000080
0.000040
0.000040
0.000211
0.000040
0.000040
0.000129
0.021682
0.048720
0.001480
0.000040
0.002072
0.001268
0.005344
0.000526
0.000674
0.006786
0.000040
0.000040
0.002859
0.001569
0.000937
0.001066
0.001231
0.000040
0.002511
0.000256
0.001428
0.001167
0.000416
0.000425
0.000129
0.000040
0.002311
0.000395
0.000341
0.007216
0.005184
0.000129
0.000317
0.012178
0.000660
0.000040
0.000648
0.000519
0.007369
0.007416
0.005565
0.001055
0.005870
0.049728
0.000954
0.004825
0.000080
0.150665
0.000735
0.000249
0.000007
0.000388
0.000298
0.000341
0.007815
0.000587
0.000169
0.003749
0.002795
0.003491
0.000423
0.000047
0.012340
0.003409
0.003218
0.000080
0.000867
0.000028
0.000843
0.000632
0.006265
0.002203
0.000378
0.000362
0.000500
0.000294
0.001066
0.007388
0.000169
0.000684
0.003091
0.001315
0.000087
0.001111
0.000235
0.000249
0.000503
0.001391
0.000251
0.000381
0.000167
0.001259
0.001508
0.000289
0.002706
0.001048
0.001189
0.000047
0.000806
0.002532
0.002434
0.000136
0.000169
0.000047
0.000258
0.000298
0.000129
0.005034
0.000329
0.020113
0.000211
0.000080
0.001931
0.000378
0.002208
0.005978
0.000040
0.004745
0.001024
0.000552
0.001651
0.000169
0.000209
0.002669
0.000947
0.001095
0.002246
0.000338
0.003066
0.000789
0.000331
0.000087
0.000040
0.002741
0.015600
0.005534
0.000681
0.000599
0.000211
0.000921
0.000265
0.000768
0.002241
0.003293
0.000712
0.000251
0.000040
0.000040
0.005079
0.005304
0.000552
0.000047
0.002213
0.001142
0.001527
0.006549
0.001226
0.000341
0.000385
0.000080
0.000258
0.010759
0.001362
0.001362
0.000759
0.004146
0.006145
0.000211
0.001997
0.003350
0.004287
0.001602
0.005553
0.000251
0.000291
0.000080
0.001062
0.003066
0.000721
0.001680
0.002065
0.001398
0.002276
0.014978
0.000444
0.000087
0.001102
0.000258
0.000540
0.007458
0.039460
0.008184
0.000590
0.011135
0.002765
0.002272
0.000381
0.000388
0.009767
0.001393
0.001412
0.000040
0.001287
0.000963
0.008309
0.000136
0.001954
0.001257
0.001266
0.002798
0.000047
0.047519
0.001175
0.002600
0.001433
0.002509
0.000242
0.001522
0.001898
0.000761
0.007233
0.000547
0.001684
0.002929
0.000345
0.002025
0.000251
0.001146
0.001268
0.001172
0.002873
0.001828
0.000150
0.000423
0.034992
0.002079
0.000169
0.000691
0.002077
0.002723
0.000007
0.000770
0.000298
0.001487
0.000381
0.004780
0.021607
0.000129
0.000258
0.000341
0.000420
0.000040
0.000251
0.000249
0.000258
0.000514
0.000803
0.001555
0.003131
0.000040
0.000888
0.002105
0.000381
0.001226
0.000381
0.001017
0.000721
0.000848
0.000587
0.001424
0.005222
0.004336
0.004412
0.001362
0.000040
0.019885
0.000211
0.000646
0.000611
0.000169
0.001010
0.000007
0.031905
0.016448
0.000211
0.000420
0.000552
0.000258
0.001515
0.000080
0.000258
0.001052
0.000341
0.000211
0.043131
0.019913
0.002126
0.000209
0.000211
0.001595
0.094158
0.018156
0.000256
0.000040
0.000752
0.001379
0.000249
0.000129
0.000129
0.000211
0.000686
0.000235
0.000007
0.000169
0.000129
0.000298
0.001149
0.000423
0.000211
0.000540
0.000705
0.000211
0.001976
0.048692
0.022274
0.004764
0.000209
0.000209
0.005525
0.000599
0.002612
0.001863
0.000211
0.000047
0.000507
0.002744
0.000007
0.000693
0.000007
0.000211
0.017327
0.006739
0.017531
0.002361
0.003904
0.000740
0.003484
0.011146
0.001238
0.000785
0.000341
0.000211
0.000080
0.000298
0.000080
0.009838
0.000136
0.000129
0.000080
0.002189
0.002138
0.001207
0.000160
0.000040
0.000251
0.000756
0.000040
0.002208
0.000209
0.002452
0.008891
0.000040
0.001691
0.000855
0.000275
0.000291
0.000007
0.000040
0.000507
0.000129
0.000674
0.000176
0.001755
0.001790
0.000040
0.000463
0.000129
0.000423
0.000209
0.001236
0.000423
0.000169
0.000470
0.000298
0.000251
0.000007
0.001266
0.000040
0.000312
0.000136
0.028356
0.000068
0.000068
0.000799
0.000136
0.001106
0.001104
0.000446
0.000040
0.015257
0.003124
0.000040
0.000423
0.051522
0.009664
0.000423
0.000211
0.000129
0.000129
0.000761
0.000211
0.000381
0.000381
0.000211
0.000040
0.000129
0.000129
0.000423
0.000298
0.000599
0.000258
0.000235
0.000040
0.000129
0.002490
0.002767
0.005375
0.004040
0.000388
0.000388
0.000129
0.000129
0.000040
0.009274
0.000160
0.000129
0.000298
0.000298
0.000040
0.000258
0.000211
0.000040
0.000040
0.000211
0.000211
0.000251
0.000211
0.000040
0.000211
0.000007
0.000040
0.000040
0.000211
0.000040
0.000129
0.000129
0.000047
0.000420
0.000169
0.000388
0.000430
0.000216
0.000181
0.000129
0.000040
0.000599
0.000810
0.000486
0.000136
0.000054
0.000007
0.001019
0.000423
0.008741
0.000251
0.000768
0.000810
0.000982
0.000211
0.000169
0.000040
0.000040
0.000040
0.000007
0.000014
0.000080
0.000211
0.000080
0.000143
0.000040
0.000211
0.000211
0.000129
0.000129
0.000040
0.000129
0.000627
0.005591
0.000136
0.000136
0.000470
0.000040
0.000129
0.000129
0.001022
0.001022
0.000258
0.000129
0.000129
0.000129
0.000129
0.000129
0.000129
0.000129
0.000129
0.000129
0.000129
0.000129
0.000129
0.000763
0.000129
0.000129
0.000129
0.000129
0.000129
0.000129
0.000040
0.001562
0.000658
0.000423
0.000291
0.000211
0.000218
0.000211
0.001066
0.001647
0.000136
0.000524
0.000341
0.000040
0.003004
0.000721
0.000040
0.000007
0.000258
0.000040
0.000209
0.014151
0.000040
0.000129
0.000482
0.000169
0.000169
0.000869
0.002081
0.013343
