0.433207
0.037742
0.133778
0.103232
0.025547
0.012616
0.016965
0.013288
0.114727
0.007407
0.010894
0.004678
0.002332
0.032318
0.006290
0.012915
0.070357
0.002274
0.050643
0.021641
0.033105
0.194979
0.003670
0.000835
0.000653
0.287702
0.011564
0.008682
0.236340
0.162265
0.020516
0.012156
0.009511
0.003135
0.003119
0.050076
0.061996
0.032465
0.092512
0.023433
0.012680
0.140804
0.007092
0.000445
0.018713
0.050175
0.058223
0.033450
0.031934
0.009825
0.011259
0.007928
0.052946
0.005478
0.011518
0.004071
0.019876
0.003357
0.072542
0.003341
0.008511
0.019366
0.008607
0.006139
0.008750
0.039036
0.273954
0.379188
0.412862
0.197114
0.001963
0.095208
0.021048
0.015996
0.021491
0.003686
0.027072
0.003686
0.071840
0.042336
0.012572
0.008654
0.070417
0.015077
0.027318
0.034060
0.011135
0.059714
0.001284
0.018854
0.038739
0.008525
0.007372
0.009115
0.398363
0.531569
0.026507
0.012724
0.020938
0.029748
0.004071
0.062193
0.013212
0.002717
0.054679
0.004353
0.010276
0.013464
0.009918
0.119984
0.004048
0.083922
0.037991
0.002039
0.091642
0.059556
0.046373
0.006547
0.078681
0.000090
0.032712
0.007372
0.002332
0.006696
0.012801
0.669755
0.528118
0.068269
0.014128
0.122483
0.057239
0.312692
0.087825
0.027291
0.018524
0.518462
0.279567
0.003039
0.081246
0.012092
0.008251
0.036760
0.285776
0.163627
0.020272
0.255477
0.097088
0.041906
0.005044
0.012002
0.008025
0.037229
0.008586
0.001980
0.066392
0.028379
0.008702
0.032822
0.037117
0.001284
0.004247
0.005390
0.008607
0.009196
0.186919
0.075021
0.004693
0.009778
0.004376
0.008926
0.046430
0.001997
0.008654
0.002390
0.023422
0.165908
0.062099
0.004977
0.015206
0.001997
0.002774
0.001637
0.020678
0.001997
0.018132
0.070245
0.107302
0.666054
0.154164
0.035117
0.004678
0.095820
0.064176
0.354071
0.003380
0.023077
0.007393
0.046339
0.035976
0.092015
0.000445
0.286142
0.023687
0.139373
0.022663
0.027782
0.005302
0.005044
0.000515
0.003412
0.061679
0.028952
0.036601
0.642592
0.085874
0.009128
0.042721
0.039990
0.065275
0.304555
0.086657
0.104435
0.051594
0.001637
0.155595
0.001284
0.198459
0.011428
0.280848
0.004678
0.003686
0.062768
0.030965
0.000090
0.009418
0.029367
0.003686
0.075030
0.080518
0.118489
0.032749
0.028990
0.203412
0.050619
0.412218
0.245266
0.002717
0.048288
0.007393
0.005390
0.074054
0.061499
0.049645
0.062161
0.050331
0.009243
0.013464
0.023602
0.071698
0.015249
0.041302
0.024422
0.122400
0.001997
0.240674
0.090913
0.009290
0.003995
0.345341
0.236284
0.152006
0.028850
0.017936
0.001903
0.058877
0.308706
0.297289
0.431100
0.121805
0.223789
0.123102
0.000835
0.041148
0.012902
0.239284
0.014626
0.004992
0.047177
0.032329
0.009725
0.003670
0.063293
0.035493
0.012482
0.002983
0.001903
0.025208
0.006576
0.088960
0.011109
0.023923
0.076153
0.183885
0.017091
0.009115
0.072875
0.033069
0.059791
0.031833
0.002332
0.003380
0.008313
0.036038
0.272598
0.069025
0.186871
0.053612
0.151741
0.004603
0.108876
0.012271
0.052834
0.051617
0.025691
0.003709
0.038477
0.001284
0.003979
0.029823
0.003302
0.049910
0.007720
0.057303
0.012227
0.002983
0.156964
0.215404
0.041187
0.001284
0.023444
0.004872
0.143022
0.000721
0.003686
0.025392
0.028839
0.013395
0.012092
0.611083
0.206618
0.014041
0.170295
0.035400
0.032712
0.002717
0.012214
0.203985
0.031786
0.081374
0.034086
0.358834
0.019120
0.144409
0.008025
0.333364
0.011486
0.101925
0.069372
0.058577
0.000445
0.288114
0.226535
0.086313
0.161781
0.036770
0.023473
0.015813
0.040470
0.015292
0.166853
0.158228
0.025431
0.090042
0.005886
0.007797
0.007092
0.117631
0.010553
0.033288
0.022674
0.034915
0.009176
0.043620
0.006526
0.190469
0.025978
0.006290
0.005044
0.135939
0.039599
0.031060
0.023484
0.028048
0.105310
0.035992
0.006881
0.215822
0.003435
0.022913
0.001980
0.147173
0.020950
0.005044
0.057015
0.004655
0.003063
0.005901
0.019613
0.007734
0.004693
0.034169
0.025442
0.079310
0.034998
0.008142
0.075933
0.007358
0.057316
0.016494
0.001284
0.018760
0.011200
0.021669
0.068934
0.086552
0.005221
0.010302
0.156018
0.007588
0.065909
0.019102
0.048579
0.035400
0.020406
0.000835
0.063542
0.482523
0.046474
0.072563
0.037834
0.053789
0.008892
0.024713
0.080510
0.001997
0.019560
0.022418
0.052465
0.044904
0.071488
0.033388
0.025286
0.008905
0.027012
0.045385
0.000835
0.006426
0.005221
0.020272
0.005988
0.018227
0.006211
0.008025
0.016099
0.001637
0.033596
0.012021
0.001997
0.005632
0.004992
0.027165
0.181380
0.021710
0.005901
0.001203
0.013288
0.024841
0.011641
0.111040
0.032202
0.040050
0.001284
0.024372
0.001980
0.022544
0.026518
0.001637
0.005162
0.001997
0.045006
0.057120
0.024030
0.001637
0.045191
0.058586
0.006447
0.003995
0.026535
0.023207
0.030299
0.014613
0.004300
0.069441
0.003435
0.069454
0.027972
0.027149
0.028010
0.001284
0.045928
0.096877
0.003748
0.009758
0.005668
0.013010
0.007407
0.001284
0.009478
0.014346
0.008347
0.011912
0.692882
0.371987
0.025236
0.002390
0.027755
0.038239
0.021169
0.073565
0.037203
0.052255
0.027613
0.003039
0.031722
0.003063
0.004033
0.053254
0.003175
0.109000
0.052825
0.027651
0.034765
0.088353
0.055937
0.031770
0.080394
0.003435
0.021979
0.011822
0.002390
0.009081
0.028097
0.011822
0.010828
0.003039
0.211427
0.011291
0.098580
0.000835
0.005029
0.001997
0.021008
0.172510
0.045875
0.041827
0.056960
0.261133
0.120652
0.083979
0.048703
0.126170
0.041113
0.110024
0.021210
0.067882
0.041525
0.037081
0.021359
0.004655
0.045463
0.041510
0.037168
0.051683
0.052629
0.005632
0.003357
0.000900
0.112562
0.011699
0.007700
0.000835
0.001698
0.022566
0.001203
0.001284
0.009149
0.004353
0.005339
0.298442
0.138624
0.007505
0.032513
0.003709
0.016965
0.352111
0.107321
0.115331
0.076973
0.099445
0.070365
0.040225
0.021088
0.028747
0.043561
0.018269
0.059321
0.028952
0.003095
0.086446
0.009665
0.017176
0.037275
0.001203
0.004071
0.043953
0.018411
0.015666
0.049298
0.028709
0.014539
0.007651
0.014128
0.009418
0.027575
0.003412
0.051119
0.010302
0.017769
0.018843
0.001284
0.006909
0.122922
0.001284
0.005288
0.019630
0.016166
0.018760
0.009932
0.013803
0.026337
0.018589
0.002199
0.005683
0.010401
0.012635
0.011168
0.002315
0.009572
0.004018
0.008038
0.003435
0.051978
0.002315
0.003724
0.003380
0.009511
0.003063
0.002056
0.003380
0.001203
0.011415
0.002390
0.002332
0.004376
0.019267
0.000445
0.009196
0.003380
0.000090
0.003995
0.002332
0.019712
0.000445
0.677139
0.384067
0.062719
0.147337
0.532767
0.045555
0.000835
0.008395
0.010828
0.072713
0.081052
0.145233
0.001284
0.015794
0.121993
0.024908
0.006276
0.557104
0.071213
0.122050
0.065979
0.032155
0.029909
0.067973
0.021658
0.047503
0.131891
0.049607
0.043850
0.022555
0.042544
0.018949
0.011044
0.187346
0.009838
0.007734
0.077522
0.051857
0.038694
0.068812
0.002373
0.012214
0.048684
0.035215
0.057690
0.057517
0.049744
0.074063
0.076658
0.021031
0.044836
0.000445
0.035601
0.006362
0.002390
0.073825
0.000090
0.190949
0.035034
0.009209
0.041455
0.109900
0.073714
0.057207
0.091522
0.024052
0.004693
0.004992
0.014725
0.002390
0.084449
0.018701
0.006240
0.003063
0.039685
0.002098
0.008313
0.059035
0.016197
0.030213
0.003654
0.001637
0.050208
0.011213
0.000445
0.001997
0.007127
0.002056
0.008334
0.003964
0.010230
0.011135
0.006576
0.008265
0.018547
0.049151
0.003748
0.005683
0.015721
0.015058
0.014743
0.015837
0.001997
0.026518
0.014842
0.014464
0.009176
0.008416
0.004992
0.003063
0.195655
0.002983
0.001284
0.024618
0.036806
0.014582
0.005493
0.018908
0.001637
0.010415
0.009431
0.003686
0.003039
0.012259
0.004678
0.001997
0.002357
0.004048
0.019654
0.018577
0.278821
0.002332
0.014830
0.000966
0.003119
0.057581
0.002039
0.014595
0.000445
0.014539
0.000445
0.005442
0.000445
0.004376
0.001329
0.008381
0.002332
0.043679
0.052002
0.003380
0.002983
0.003412
0.023552
0.004033
0.014278
0.005596
0.002315
0.003748
0.008093
0.005923
0.007442
0.007407
0.002983
0.000090
0.001980
0.003709
0.001997
0.012092
0.003910
0.455121
0.163138
0.132818
0.073046
0.046474
0.111040
0.059266
0.364399
0.007141
0.034574
0.133178
0.030037
0.020493
0.011686
0.021979
0.050619
0.003670
0.005581
0.047009
0.033226
0.034620
0.009945
0.003063
0.210950
0.024254
0.000835
0.018606
0.006175
0.001284
0.002660
0.020394
0.007748
0.106103
0.003380
0.005339
0.006561
0.091578
0.001637
0.004300
0.001284
0.065112
0.007686
0.001284
0.002390
0.005044
0.486740
0.360872
0.246651
0.372868
0.051495
0.126604
0.219803
0.062371
0.032044
0.152076
0.021738
0.384686
0.014141
0.073855
0.027253
0.105033
0.030000
0.155841
0.010939
0.084670
0.156804
0.070529
0.266168
0.022526
0.019671
0.003380
0.010848
0.075655
0.019917
0.022150
0.307143
0.037752
0.088787
0.061006
0.011699
0.040070
0.058895
0.041023
0.001284
0.026161
0.008059
0.032034
0.007734
0.043894
0.189967
0.001637
0.150548
0.193834
0.059926
0.052133
0.091355
0.281305
0.005029
0.003435
0.003380
0.108463
0.016166
0.126195
0.013143
0.002039
0.074712
0.126152
0.010058
0.037071
0.001284
0.018925
0.004071
0.069471
0.002357
0.173620
0.018340
0.007239
0.024355
0.009256
0.038143
0.021818
0.001284
0.017007
0.066352
0.355300
0.098979
0.009397
0.196901
0.109529
0.017965
0.192784
0.011809
0.121238
0.074105
0.046204
0.037285
0.110364
0.048718
0.242793
0.025314
0.028124
0.087494
0.046010
0.035920
0.006125
0.002332
0.001997
0.003302
0.009223
0.006462
0.001637
0.018227
0.049498
0.002315
0.002660
0.038679
0.031124
0.041312
0.036565
0.010907
0.053044
0.198011
0.005288
0.012034
0.001980
0.077866
0.043699
0.006611
0.020243
0.003380
0.001284
0.003380
0.001980
0.001980
0.000445
0.012966
0.001284
0.020109
0.069259
0.022969
0.000515
0.001203
0.001284
0.003709
0.003063
0.056442
0.001284
0.001997
0.588088
0.223645
0.488111
0.181027
0.112822
0.064043
0.023100
0.023207
0.010382
0.010724
0.004603
0.042094
0.017146
0.070042
0.010494
0.031833
0.010658
0.040739
0.006732
0.001997
0.010704
0.132933
0.013716
0.003396
0.071505
0.005886
0.008265
0.035544
0.032697
0.106024
0.080228
0.040859
0.001284
0.003357
0.001284
0.011835
0.623071
0.000585
0.003887
0.048460
0.040929
0.004407
0.000090
0.014657
0.010038
0.002332
0.365890
0.100381
0.184357
0.004977
0.057284
0.029227
0.008573
0.007470
0.015636
0.003979
0.139479
0.036555
0.029673
0.015409
0.007176
0.035436
0.019407
0.007456
0.068504
0.006211
0.556170
0.277730
0.087784
0.072896
0.042208
0.028075
0.064658
0.026804
0.102117
0.094767
0.044812
0.026458
0.015636
0.025940
0.066742
0.033753
0.011609
0.032366
0.018049
0.000835
0.046951
0.017302
0.015034
0.023365
0.091391
0.013879
0.017320
0.016354
0.020324
0.009000
0.014972
0.002871
0.001980
0.012559
0.010058
0.142478
0.002855
0.017769
0.016038
0.068291
0.021899
0.011304
0.004376
0.001284
0.003357
0.004087
0.002039
0.001347
0.013420
0.013483
0.002660
0.019337
0.007491
0.029946
0.015175
0.012124
0.000090
0.014799
0.023433
0.008025
0.000090
0.005273
0.018132
0.009290
0.003995
0.031558
0.029442
0.020324
0.114664
0.033398
0.004603
0.003380
0.005901
0.007588
0.002701
0.007141
0.003039
0.021330
0.064065
0.021302
0.005836
0.004087
0.003724
0.014886
0.049455
0.002373
0.007407
0.133377
0.123465
0.004285
0.000835
0.001619
0.001329
0.055785
0.003709
0.003357
0.363608
0.070029
0.072213
0.066062
0.009444
0.016977
0.072913
0.010024
0.002571
0.060921
0.011109
0.180217
0.000835
0.005044
0.006311
0.001637
0.035642
0.004323
0.032439
0.004163
0.000900
0.059257
0.016651
0.030411
0.007720
0.036361
0.009725
0.008059
0.022862
0.011641
0.004954
0.006211
0.009745
0.000445
0.017446
0.009081
0.003709
0.011428
0.016239
0.004353
0.006276
0.005937
0.017146
0.144280
0.007372
0.030288
0.013332
0.057540
0.050822
0.013288
0.004678
0.020759
0.018411
0.014085
0.015794
0.010335
0.007162
0.067677
0.014160
0.005273
0.005251
0.003748
0.053417
0.033361
0.008059
0.013212
0.006796
0.009745
0.005647
0.382696
0.105006
0.095302
0.070296
0.046054
0.022418
0.188141
0.046068
0.034377
0.030123
0.174952
0.025846
0.092063
0.005029
0.001997
0.000515
0.049027
0.011686
0.015868
0.013571
0.152318
0.009945
0.009270
0.006576
0.010137
0.003941
0.005427
0.004693
0.167833
0.007407
0.001997
0.013672
0.003063
0.022635
0.099398
0.001637
0.000090
0.001221
0.008038
0.021910
0.004353
0.005302
0.016494
0.002332
0.006038
0.078518
0.005559
0.001997
0.025275
0.074860
0.005872
0.028428
0.007190
0.578036
0.094988
0.053821
0.076733
0.037417
0.161706
0.017049
0.019184
0.013496
0.004992
0.001203
0.001997
0.112273
0.001030
0.020435
0.004730
0.025575
0.008011
0.023828
0.004992
0.017007
0.033095
0.002390
0.025325
0.132381
0.005029
0.000515
0.015292
0.011880
0.010038
0.019202
0.010540
0.065121
0.006782
0.048942
0.006845
0.008299
0.001637
0.001997
0.000090
0.018007
0.001997
0.032255
0.013111
0.003802
0.067860
0.042879
0.010632
0.007239
0.008573
0.003709
0.004588
0.016536
0.332874
0.013615
0.024802
0.007225
0.013288
0.135402
0.001980
0.554062
0.284457
0.094035
0.124222
0.123985
0.168525
0.048389
0.111882
0.086106
0.017769
0.044938
0.066168
0.008858
0.136209
0.027406
0.053207
0.010197
0.033659
0.030438
0.003576
0.012501
0.015003
0.001284
0.064344
0.009243
0.001997
0.004655
0.006831
0.015464
0.009115
0.013351
0.005647
0.001980
0.001997
0.007651
0.004925
0.014433
0.119843
0.418790
0.096004
0.019243
0.059492
0.047109
0.087179
0.040015
0.004033
0.061405
0.034765
0.086134
0.053240
0.054313
0.001997
0.021750
0.040834
0.003380
0.026892
0.076843
0.027357
0.000445
0.028736
0.005617
0.424664
0.131214
0.267148
0.040555
0.066878
0.025780
0.035349
0.152248
0.142856
0.019449
0.074462
0.026001
0.008559
0.015550
0.008607
0.051006
0.068465
0.022833
0.012182
0.002390
0.018328
0.030576
0.195180
0.138260
0.087187
0.028661
0.040988
0.035555
0.005302
0.008763
0.007990
0.029807
0.066155
0.009350
0.032007
0.005923
0.007162
0.005632
0.022087
0.097681
0.002758
0.009209
0.028887
0.023726
0.024187
0.039248
0.003748
0.019202
0.009478
0.048903
0.001997
0.068760
0.005647
0.008573
0.005988
0.052596
0.059461
0.000445
0.029759
0.358600
0.005390
0.031511
0.038845
0.019905
0.042000
0.009725
0.021658
0.009047
0.011090
0.011764
0.008797
0.004678
0.003063
0.052783
0.032649
0.004708
0.001980
0.023444
0.004376
0.066536
0.001980
0.006711
0.080286
0.037382
0.007113
0.015409
0.029329
0.001391
0.011667
0.144456
0.020585
0.005029
0.025247
0.052718
0.013603
0.008313
0.045177
0.013571
0.027602
0.011505
0.002332
0.058618
0.001284
0.006810
0.020869
0.012782
0.015740
0.009209
0.007141
0.047345
0.034340
0.011350
0.005288
0.001997
0.004353
0.051913
0.164140
0.170020
0.007456
0.059226
0.002022
0.019928
0.008831
0.006225
0.006024
0.059375
0.028520
0.001637
0.010907
0.000835
0.005632
0.013760
0.004678
0.006831
0.008361
0.005683
0.078605
0.072213
0.030187
0.030384
0.001347
0.008313
0.018132
0.013244
0.002967
0.008620
0.001997
0.007421
0.020504
0.004048
0.030262
0.020504
0.028189
0.013803
0.010243
0.011622
0.023540
0.024069
0.016239
0.068578
0.036197
0.028963
0.013307
0.131270
0.050784
0.000170
0.047863
0.015910
0.019366
0.002315
0.012648
0.018925
0.009256
0.002717
0.013866
0.076388
0.004110
0.011122
0.004588
0.001030
0.091801
0.000445
0.030464
0.053440
0.010632
0.007176
0.036581
0.037631
0.144710
0.053221
0.103033
0.007748
0.031833
0.036325
0.131470
0.008926
0.013778
0.052213
0.011867
0.007442
0.008265
0.011622
0.014452
0.003709
0.020585
0.020614
0.012470
0.083324
0.019049
0.031288
0.045351
0.018072
0.018203
0.037320
0.003654
0.002332
0.008702
0.040355
0.011395
0.004071
0.007519
0.006831
0.005734
0.002039
0.012182
0.011428
0.048494
0.017061
0.002332
0.023484
0.009491
0.033768
0.001637
0.009464
0.004048
0.023422
0.001637
0.055408
0.006161
0.002855
0.015249
0.006211
0.008987
0.018132
0.026755
0.014409
0.005647
0.012527
0.082302
0.003380
0.222751
0.019214
0.059266
0.008381
0.004071
0.023687
0.011899
0.005596
0.008973
0.006412
0.009792
0.024858
0.014029
0.013997
0.021939
0.001284
0.017511
0.273116
0.008347
0.051650
0.011200
0.200070
0.000445
0.008702
0.020272
0.012425
0.000445
0.001284
0.027488
0.014830
0.000515
0.001329
0.047681
0.036197
0.029404
0.026936
0.023738
0.024607
0.002390
0.018328
0.010024
0.008682
0.004678
0.062184
0.138349
0.016239
0.064512
0.001637
0.000445
0.003063
0.007976
0.007127
0.004071
0.020365
0.009176
0.054951
0.005288
0.007393
0.019120
0.002447
0.001637
0.000900
0.024148
0.018506
0.012201
0.011912
0.014390
0.027242
0.021221
0.001453
0.049308
0.008429
0.036698
0.006497
0.004071
0.010540
0.006611
0.019957
0.011441
0.002390
0.006175
0.027253
0.001558
0.033768
0.000900
0.001997
0.003151
0.007113
0.429549
0.003724
0.013187
0.001637
0.000835
0.004217
0.019284
0.007928
0.010848
0.011609
0.005288
0.002717
0.060615
0.012801
0.047997
0.009792
0.033878
0.003302
0.041768
0.007880
0.000090
0.023196
0.001284
0.036351
0.035879
0.002390
0.001637
0.023805
0.001637
0.001030
0.004429
0.001284
0.001284
0.028466
0.173614
0.024528
0.009243
0.276556
0.230483
0.007734
0.110312
0.055528
0.011428
0.008059
0.014657
0.005302
0.068269
0.002774
0.022447
0.277419
0.029984
0.007962
0.008059
0.008251
0.005376
0.012303
0.007700
0.026249
0.008831
0.000515
0.008025
0.002332
0.002332
0.000515
0.317981
0.015611
0.035868
0.009792
0.003063
0.002644
0.008011
0.039363
0.051481
0.004048
0.001997
0.008926
0.003063
0.001758
0.029657
0.054160
0.000445
0.001284
0.004429
0.069951
0.478565
0.083537
0.032649
0.041629
0.202349
0.013376
0.075486
0.011181
0.000445
0.012457
0.003686
0.009932
0.005044
0.013376
0.001637
0.089513
0.004429
0.000090
0.002390
0.008620
0.005988
0.024897
0.021279
0.017727
0.125560
0.052760
0.002332
0.007769
0.020846
0.011291
0.046970
0.044437
0.018784
0.003763
0.035411
0.018524
0.047311
0.014582
0.004048
0.013256
0.031299
0.003748
0.002332
0.047805
0.030411
0.011350
0.006881
0.195676
0.307907
0.049678
0.040060
0.032429
0.001637
0.128538
0.029168
0.503670
0.462860
0.133858
0.013098
0.494158
0.095930
0.001637
0.103018
0.001980
0.001997
0.054169
0.025730
0.115997
0.001637
0.006125
0.006038
0.005647
0.014041
0.006290
0.021129
0.035956
0.019519
0.002332
0.003435
0.012156
0.001284
0.001997
0.063440
0.011246
0.002742
0.015636
0.012124
0.000515
0.018245
0.003802
0.004300
0.006859
0.050865
0.005044
0.005632
0.019102
0.010756
0.002390
0.033341
0.006211
0.002315
0.041023
0.003748
0.005581
0.005821
0.002644
0.006074
0.006597
0.012527
0.000445
0.018227
0.016324
0.003467
0.016766
0.006930
0.018144
0.035024
0.037813
0.033042
0.039660
0.018671
0.012934
0.009745
0.006175
0.094370
0.005478
0.014334
0.028249
0.013143
0.001558
0.007748
0.012546
0.138841
0.033779
0.008011
0.011135
0.091204
0.003887
0.007190
0.001284
0.001698
0.035338
0.024908
0.022316
0.016947
0.011744
0.010874
0.006859
0.000445
0.003412
0.026584
0.013244
0.001980
0.005901
0.003545
0.005647
0.110928
0.005647
0.028644
0.028390
0.112781
0.033278
0.392018
0.091315
0.014972
0.127304
0.018162
0.084392
0.026946
0.012246
0.024041
0.010071
0.049441
0.057015
0.040495
0.077367
0.016166
0.000090
0.011304
0.013200
0.007078
0.008361
0.015151
0.613261
0.000445
0.016057
0.029619
0.078096
0.006526
0.007734
0.026727
0.017739
0.114033
0.032833
0.050454
0.003995
0.006526
0.000445
0.010243
0.013835
0.014421
0.005749
0.043355
0.031325
0.002717
0.038633
0.003686
0.005273
0.003380
0.001997
0.005273
0.039459
0.006881
0.003412
0.009101
0.010349
0.009991
0.025536
0.035519
0.019120
0.009337
0.016651
0.069177
0.000445
0.003887
0.004429
0.012002
0.003995
0.003380
0.008539
0.006909
0.004678
0.003686
0.001284
0.000445
0.003709
0.010210
0.000445
0.025025
0.042149
0.001997
0.048336
0.003246
0.015249
0.222523
0.130394
0.050643
0.002390
0.045691
0.014085
0.163453
0.017571
0.106576
0.143111
0.026700
0.009176
0.006810
0.006696
0.039494
0.029404
0.004992
0.009838
0.066071
0.004872
0.008654
0.004678
0.011122
0.007141
0.001997
0.007029
0.004048
0.008736
0.004194
0.002199
0.017404
0.034428
0.005044
0.006831
0.021939
0.001997
0.019037
0.004693
0.003709
0.017428
0.001997
0.001997
0.024607
0.021801
0.007141
0.013275
0.008892
0.004071
0.004655
0.008251
0.001980
0.002390
0.001980
0.002332
0.013628
0.013659
0.019143
0.004018
0.003341
0.001980
0.122721
0.099654
0.020666
0.018102
0.014638
0.166125
0.005647
0.002390
0.001284
0.010599
0.002717
0.019061
0.021830
0.003380
0.004992
0.003748
0.015378
0.001997
0.003380
0.004300
0.001284
0.011181
0.012259
0.000835
0.100724
0.021261
0.003709
0.149098
0.003357
0.001284
0.001637
0.001637
0.000445
0.024372
0.000445
0.053844
0.019225
0.005478
0.005559
0.012947
0.002390
0.061670
0.187516
0.147149
0.011764
0.001347
0.010612
0.000445
0.001284
0.000445
0.024265
0.003063
0.003063
0.039800
0.010349
0.003435
0.018102
0.012021
0.010874
0.003925
0.001203
0.001284
0.019078
0.062193
0.000445
0.001284
0.008926
0.005029
0.150229
0.006895
0.151150
0.000445
0.027329
0.034988
0.027602
0.100307
0.014657
0.019712
0.002199
0.250914
0.000090
0.000445
0.063772
0.008334
0.001997
0.002332
0.004730
0.002332
0.009243
0.001997
0.009491
0.001997
0.000445
0.051086
0.002332
0.001903
0.008905
0.068587
0.052166
0.034428
0.003979
0.000445
0.004353
0.017470
0.013866
0.002717
0.007817
0.020283
0.015996
0.013879
0.002447
0.007190
0.052671
0.011473
0.035313
0.001284
0.055689
0.001284
0.007720
0.004693
0.000585
0.006810
0.002717
0.003079
0.000835
0.014551
0.007748
0.028887
0.006526
0.065236
0.005044
0.002390
0.002390
0.026210
0.017302
0.003063
0.001284
0.001284
0.014085
0.002390
0.020736
0.031272
0.006859
0.004048
0.004048
0.001284
0.005988
0.007914
0.001284
0.005302
0.121967
0.045031
0.000445
0.002447
0.001997
0.001997
0.001997
0.006576
0.000900
0.191869
0.001284
0.045860
0.005302
0.034646
0.152900
0.052245
0.002332
0.009805
0.034169
0.089758
0.003039
0.006831
0.021841
0.001997
0.016881
0.091279
0.005044
0.083459
0.069402
0.001997
0.001284
0.021750
0.001997
0.002390
0.006089
0.001997
0.002332
0.000445
0.001284
0.014570
0.007029
0.002911
0.019987
0.008654
0.030864
0.014496
0.000445
0.369794
0.011460
0.026919
0.035508
0.002039
0.004376
0.025962
0.003039
0.038633
0.002390
0.005442
0.003709
0.037214
0.000515
0.006796
0.003435
0.001284
0.001997
0.006696
0.001997
0.010349
0.005683
0.001284
0.004323
0.011686
0.001284
0.019460
0.003063
0.006859
0.003887
0.004655
0.003302
0.001997
0.001997
0.007113
0.002717
0.006909
0.009243
0.005044
0.111681
0.020678
0.065619
0.000835
0.000445
0.014477
0.019583
0.077506
0.008073
0.005901
0.081811
0.003380
0.002660
0.003763
0.000445
0.010612
0.003686
0.002390
0.009444
0.001284
0.004071
0.010117
0.015752
0.007162
0.002056
0.011272
0.012858
0.012066
0.006831
0.001997
0.006859
0.021250
0.003063
0.000835
0.005442
0.006845
0.011641
0.063857
0.009444
0.008155
0.003435
0.015623
0.013847
0.005478
0.030773
0.011957
0.001997
0.005390
0.005988
0.001997
0.005302
0.006225
0.019998
0.009431
0.006240
0.014172
0.015237
0.018535
0.467960
0.001284
0.000445
0.003600
0.000835
0.000445
0.019876
0.000445
0.003887
0.000445
0.001284
0.006110
0.003709
0.000445
0.004872
0.001637
0.000445
0.001997
0.000835
0.000445
0.000835
0.000445
0.000445
0.000445
0.000835
0.001997
0.000445
0.001284
0.005749
0.001284
0.000445
0.002530
0.000445
0.000445
0.002332
0.002199
0.002199
0.008265
0.013584
0.001284
0.001284
0.000090
0.000445
0.001980
0.006796
0.000445
0.000090
0.001637
0.003709
0.001284
0.001284
0.000445
0.000515
0.012303
0.001980
0.000445
0.001284
0.003686
0.001997
0.000445
0.001637
0.000445
0.004048
0.000445
0.007029
0.005973
0.003357
0.001997
0.009792
0.001284
0.000835
0.163906
0.007442
0.016639
0.003380
0.016524
0.002332
0.007064
0.001637
0.000445
0.006782
0.001997
0.161076
0.126629
0.016227
0.002332
0.011460
0.011460
0.005339
0.001284
0.000445
0.002660
0.000445
0.000090
0.000835
0.003709
0.001997
0.001284
0.001284
0.001997
0.003686
0.000515
0.080547
0.036928
0.055039
0.001284
0.002315
0.003063
0.001284
0.014160
0.003262
0.105925
0.142135
0.123091
0.162016
0.090550
0.229289
0.016209
0.015868
0.053594
0.004902
0.028887
0.022487
0.056960
0.015335
0.014682
0.010678
0.001698
0.412000
0.378396
0.131024
0.328573
0.048627
0.025480
0.293720
0.281606
0.004992
0.024092
0.073944
0.001980
0.052946
0.001997
0.008011
0.009047
0.009115
0.018132
0.010494
0.003887
0.009491
0.006240
0.026831
0.180276
0.140856
0.001284
0.084163
0.010289
0.001997
0.001284
0.031124
0.104218
0.012813
0.028520
0.056951
0.071870
0.002199
0.008654
0.001284
0.182763
0.003063
0.109000
0.045191
0.064189
0.085590
0.008361
0.059054
0.062425
0.036181
0.007421
0.004730
0.005324
0.017007
0.004872
0.030715
0.003341
0.003380
0.006211
0.009256
0.005632
0.015482
0.024791
0.022583
0.009665
0.004693
0.021008
0.078133
0.001284
0.006225
0.020068
0.005988
0.001266
0.036217
0.015347
0.004678
0.003039
0.004163
0.012227
0.001997
0.030187
0.003380
0.002983
0.099007
0.003063
0.020091
0.010566
0.014128
0.004992
0.000445
0.033841
0.003561
0.007442
0.013212
0.005559
0.001203
0.005647
0.002717
0.006859
0.024176
0.000585
0.001997
0.000445
0.014054
0.001997
0.000445
0.001284
0.006276
0.001997
0.002717
0.022435
0.003063
0.001637
0.001284
0.002332
0.006526
0.000445
0.002774
0.018908
0.000900
0.003686
0.001997
0.003490
0.001980
0.008038
0.004992
0.027165
0.002390
0.002332
0.007141
0.000445
0.001997
0.001284
0.001637
0.001284
0.000515
0.003063
0.008811
0.006611
0.000445
0.000445
0.001637
0.001997
0.001997
0.001284
0.013603
0.003709
0.003063
0.005044
0.008607
0.001637
0.003063
0.009805
0.005288
0.001637
0.001284
0.001997
0.001284
0.001284
0.000445
0.001284
0.001284
0.000445
0.001284
0.003063
0.003380
0.003095
0.000445
0.004482
0.005647
0.001284
0.002373
0.004071
0.003380
0.003709
0.000445
0.054127
0.000445
0.000445
0.001329
0.000090
0.004693
0.003748
0.021721
0.002717
0.000445
0.002717
0.005339
0.003686
0.000445
0.000445
0.002390
0.001203
0.005339
0.003063
0.001284
0.004603
0.002685
0.001284
0.003063
0.002332
0.000090
0.010024
0.011369
0.001980
0.001637
0.001698
0.001637
0.000445
0.005442
0.003887
0.001637
0.000585
0.001284
0.001203
0.000835
0.002056
0.001698
0.000445
0.022127
0.013866
0.001347
0.001980
0.003802
0.002530
0.001997
0.000445
0.001980
0.001997
0.005044
0.001997
0.004693
0.001637
0.000090
0.013464
0.001997
0.003686
0.002257
0.010276
0.006261
0.001284
0.001284
0.000090
0.003887
0.004048
0.000445
0.001637
0.000445
0.001980
0.000835
0.000445
0.003670
0.002199
0.017416
0.004693
0.037117
0.001284
0.001980
0.001284
0.003435
0.001284
0.003412
0.005683
0.001997
0.003709
0.006796
0.001637
0.001284
0.005302
0.008573
0.001997
0.013891
0.003709
0.005044
0.000445
0.007505
0.003357
0.045793
0.000445
0.002774
0.012801
0.006760
0.031097
0.001637
0.000090
0.034765
0.003748
0.008251
0.012947
0.008313
0.006547
0.001997
0.001637
0.000247
0.001997
0.005390
0.001637
0.001284
0.004640
0.010894
0.004730
0.001284
0.003802
0.003435
0.004550
0.005288
0.006526
0.001637
0.004678
0.003709
0.001997
0.004071
0.017386
0.001997
0.005647
0.001284
0.008059
0.001203
0.001997
0.001284
0.001997
0.028887
0.005339
0.002717
0.000445
0.000445
0.001284
0.002660
0.001698
0.008416
0.015910
0.003063
0.001637
0.003063
0.002056
0.001284
0.371071
0.015175
0.045361
0.022782
0.020776
0.011518
0.001203
0.007797
0.026853
0.006225
0.003063
0.078547
0.001997
0.000445
0.005184
0.000445
0.011667
0.001997
0.001347
0.002447
0.009196
0.000445
0.001284
0.021532
0.000445
0.001284
0.004232
0.001637
0.002039
0.029823
0.000515
0.002039
0.001284
0.001997
0.001980
0.003709
0.001284
0.018174
0.005324
0.000170
0.006347
0.002332
0.001347
0.002717
0.000445
0.001637
0.001284
0.008668
0.000445
0.001698
0.001997
0.002431
0.003119
0.001997
0.004376
0.000900
0.001284
0.003686
0.018854
0.014626
0.000445
0.001347
0.002315
0.000090
0.002332
0.003063
0.018423
0.001284
0.002431
0.000445
0.000090
0.002774
0.001997
0.000445
0.008716
0.007092
0.001997
0.001997
0.003709
0.005734
0.001284
0.002332
0.073357
0.004678
0.010724
0.082622
0.009792
0.025901
0.005081
0.030912
0.001997
0.019946
0.009162
0.003063
0.008011
0.000445
0.149452
0.003063
0.002332
0.164715
0.009698
0.000090
0.000090
0.019478
0.007043
0.002199
0.006859
0.002056
0.020394
0.002332
0.003686
0.000090
0.000445
0.005749
0.004018
0.002056
0.002332
0.003709
0.016184
0.002660
0.002390
0.020666
0.002717
0.001284
0.017332
0.017488
0.005095
0.008682
0.003380
0.013332
0.011428
0.063719
0.004178
0.000585
0.003063
0.005493
0.004693
0.001284
0.003561
0.002571
0.002332
0.003615
0.113330
0.103680
0.013716
0.001637
0.001637
0.013275
0.005988
0.004125
0.006139
0.023422
0.001637
0.020301
0.011654
0.001284
0.003802
0.002390
0.003709
0.001698
0.009196
0.001284
0.001284
0.009758
0.000445
0.001997
0.003435
0.003709
0.001284
0.000445
0.036652
0.005596
0.002390
0.003709
0.004071
0.001980
0.001997
0.007540
0.003709
0.002390
0.028037
0.001997
0.003063
0.000445
0.001284
0.004992
0.043184
0.001284
0.024131
0.001284
0.002390
0.002390
0.007734
0.004376
0.000835
0.003686
0.002056
0.001997
0.006944
0.000445
0.008142
0.002332
0.009020
0.002390
0.000515
0.017924
0.001284
0.000090
0.006547
0.000445
0.004588
0.000445
0.000721
0.029243
0.002140
0.002390
0.058137
0.013879
0.003063
0.002390
0.003063
0.001997
0.000966
0.002983
0.000966
0.008939
0.006661
0.002332
0.002056
0.004693
0.008654
0.000445
0.008059
0.004693
0.057357
0.001997
0.003302
0.003119
0.066093
0.001284
0.000445
0.023275
0.037920
0.000090
0.007470
0.002717
0.069454
0.002315
0.001997
0.001284
0.001980
0.007720
0.001997
0.001997
0.000445
0.001284
0.094933
0.006161
0.000445
0.001997
0.000445
0.000900
0.003686
0.003412
0.000445
0.001997
0.004429
0.091689
0.001997
0.000445
0.009991
0.001637
0.008299
0.001284
0.000445
0.001997
0.004071
0.011168
0.009149
0.002332
0.001284
0.048861
0.000445
0.002332
0.006240
0.000090
0.000445
0.001284
0.002390
0.021480
0.001347
0.005647
0.008634
0.001284
0.011090
0.003887
0.005288
0.012546
0.004071
0.001284
0.008878
0.000445
0.027406
0.000445
0.001284
0.010011
0.005302
0.001997
0.001637
0.001284
0.002390
0.001997
0.002056
0.004693
0.003686
0.003063
0.010302
0.003709
0.001637
0.002967
0.000445
0.003724
0.001284
0.001980
0.001284
0.000515
0.001997
0.000445
0.003724
0.001997
0.004977
0.004678
0.062759
0.070577
0.002390
0.245382
0.013212
0.135655
0.001637
0.016609
0.204789
0.000515
0.000515
0.132216
0.002390
0.001284
0.001284
0.008620
0.000835
0.002983
0.003151
0.003724
0.002056
0.001997
0.001997
0.005339
0.004693
0.000445
0.008559
0.001284
0.001997
0.003435
0.033095
0.004693
0.001284
0.017218
0.003561
0.006611
0.009665
0.009243
0.001698
0.010183
0.000445
0.002332
0.011654
0.000445
0.002390
0.063520
0.001284
0.004977
0.000445
0.002332
0.003063
0.001637
0.003686
0.003063
0.001284
0.003686
0.001284
0.001284
0.001284
0.005339
0.009223
0.003686
0.097498
0.003748
0.001997
0.003063
0.002983
0.004048
0.000445
0.002983
0.001284
0.004353
0.000445
0.003063
0.001284
0.001284
0.004730
0.000445
0.000445
0.003686
0.000445
0.011382
0.003709
0.001284
0.001997
0.000835
0.001284
0.000445
0.000445
0.000445
0.001997
0.001284
0.003709
0.003686
0.001637
0.008905
0.002774
0.001284
0.000835
0.012021
0.010091
0.003670
0.110577
0.023168
0.002332
0.006225
0.133391
0.004992
0.007720
0.000515
0.001997
0.001997
0.000445
0.001284
0.000445
0.001284
0.003302
0.007190
0.008892
0.021140
0.004376
0.000090
0.091112
0.001997
0.023128
0.009418
0.003357
0.003995
0.000835
0.008251
0.004018
0.015151
0.001997
0.000445
0.001637
0.000835
0.004588
0.002644
0.002332
0.001203
0.000835
0.000445
0.004429
0.001997
0.006240
0.000445
0.000515
0.001284
0.003063
0.000445
0.000445
0.002717
0.007748
0.001997
0.021359
0.001997
0.002332
0.000445
0.009478
0.001637
0.001637
0.002056
0.000445
0.005288
0.003063
0.001284
0.001997
0.004071
0.004071
0.001997
0.002332
0.009196
0.007442
0.000445
0.010335
0.003686
0.001284
0.004429
0.003995
0.001997
0.011122
0.002332
0.005390
0.001997
0.002644
0.001347
0.004678
0.002332
0.001284
0.014886
0.004588
0.003435
0.003435
0.011699
0.017739
0.018482
0.021927
0.023647
0.094295
0.104800
0.005923
0.019202
0.122940
0.013584
0.010553
0.014085
0.005988
0.029684
0.158925
0.115729
0.037285
0.233505
0.021221
0.029555
0.034034
0.057827
0.003063
0.070981
0.048111
0.017248
0.006895
0.009665
0.004977
0.008025
0.003995
0.004693
0.000090
0.001347
0.002332
0.000445
0.000445
0.002717
0.010894
0.002332
0.040789
0.022913
0.000445
0.001980
0.026634
0.005596
0.008525
0.000515
0.007470
0.002717
0.002332
0.000445
0.003435
0.002717
0.047061
0.003262
0.001284
0.001284
0.003709
0.007734
0.003380
0.001997
0.000090
0.000585
0.000090
0.021967
0.000966
0.001758
0.002660
0.001997
0.003686
0.002390
0.000445
0.003709
0.013212
0.001637
0.000445
0.046850
0.003063
0.001284
0.002660
0.001284
0.002390
0.000445
0.003063
0.003063
0.012201
0.006993
0.000445
0.001637
0.000515
0.003995
0.004125
0.003039
0.002530
0.000445
0.005058
0.000515
0.001997
0.001284
0.016111
0.000445
0.003023
0.000835
0.000090
0.064105
0.024841
0.055937
0.008217
0.020504
0.026199
0.027368
0.064706
0.037392
0.013703
0.011764
0.000515
0.002022
0.005147
0.005923
0.004178
0.002447
0.000445
0.000445
0.002332
0.003709
0.007407
0.000445
0.003341
0.003380
0.004693
0.007976
0.000445
0.011011
0.001698
0.002039
0.000445
0.000900
0.004323
0.007797
0.000445
0.000445
0.000966
0.002717
0.001284
0.002798
0.000090
0.002587
0.000445
0.014916
0.000090
0.001997
0.001284
0.000835
0.018482
0.004071
0.000445
0.013307
0.003357
0.057613
0.002332
0.072926
0.013010
0.017643
0.000090
0.002644
0.007651
0.001997
0.000445
0.018061
0.007176
0.008905
0.007442
0.003380
0.013628
0.001284
0.002315
0.003063
0.001284
0.013067
0.011957
0.014216
0.011200
0.007976
0.011989
0.005850
0.002332
0.000090
0.004338
0.000445
0.072033
0.001637
0.000445
0.002660
0.004376
0.005923
0.006611
0.007127
0.002390
0.001637
0.000445
0.003286
0.004353
0.015421
0.012271
0.016008
0.000445
0.002390
0.003412
0.006930
0.005937
0.003063
0.012002
0.001997
0.004459
0.005478
0.003039
0.004693
0.002390
0.015740
0.002390
0.006810
0.023580
0.001903
0.006561
0.002332
0.001284
0.072666
0.036688
0.011699
0.001637
0.006696
0.002199
0.002774
0.005799
0.005273
0.004376
0.001558
0.004887
0.001637
0.001903
0.009162
0.001284
0.001637
0.002717
0.004071
0.005081
0.002315
0.001284
0.001558
0.012572
0.013079
0.003979
0.007176
0.005973
0.003435
0.001284
0.008142
0.000445
0.007734
0.001284
0.002717
0.030922
0.002240
0.006576
0.003995
0.001284
0.000090
0.020666
0.002447
0.004603
0.001637
0.007141
0.042257
0.002039
0.029769
0.007866
0.000445
0.007470
0.004730
0.004376
0.005647
0.006647
0.007990
0.017386
0.002717
0.002390
0.000445
0.008973
0.013672
0.000090
0.005647
0.000445
0.011077
0.003063
0.010861
0.001347
0.001980
0.004678
0.035822
0.002332
0.007769
0.002390
0.006225
0.001203
0.004992
0.001284
0.001980
0.026441
0.003380
0.125574
0.003748
0.006576
0.002390
0.001284
0.007769
0.005339
0.004048
0.007442
0.001284
0.009792
0.000445
0.001284
0.006276
0.005988
0.002644
0.000445
0.008634
0.004535
0.019284
0.001997
0.002717
0.004730
0.001284
0.015163
0.004376
0.040355
0.003039
0.002390
0.005006
0.010415
0.003039
0.074932
0.008905
0.013822
0.005647
0.016694
0.004285
0.003686
0.005457
0.064945
0.115144
0.021549
0.012693
0.333795
0.002332
0.011551
0.163318
0.124147
0.142543
0.009176
0.015163
0.009478
0.005544
0.019887
0.005923
0.015218
0.072020
0.050822
0.004140
0.002332
0.001997
0.004353
0.001997
0.001997
0.021990
0.018072
0.080315
0.005376
0.004872
0.003246
0.000445
0.005044
0.001997
0.002983
0.002039
0.010874
0.008443
0.000445
0.004693
0.001997
0.000090
0.005850
0.012259
0.002717
0.001997
0.002390
0.031225
0.000445
0.008011
0.007141
0.013307
0.002315
0.001284
0.003063
0.001997
0.007211
0.006211
0.021967
0.003063
0.003063
0.002447
0.001997
0.003709
0.006240
0.001997
0.006261
0.001997
0.001284
0.119134
0.008620
0.000445
0.005029
0.005632
0.008654
0.000445
0.000835
0.002199
0.001284
0.070516
0.003709
0.007421
0.001284
0.012501
0.004018
0.000445
0.002660
0.000445
0.017278
0.005872
0.001997
0.003380
0.001997
0.005302
0.000515
0.001997
0.001637
0.003063
0.004018
0.003709
0.003119
0.002199
0.002390
0.003380
0.096380
0.007442
0.078046
0.001997
0.001284
0.023461
0.001997
0.001284
0.000835
0.006240
0.000090
0.000090
0.007162
0.002332
0.001284
0.001980
0.001997
0.051725
0.001980
0.001637
0.001997
0.004678
0.000515
0.005044
0.001997
0.003380
0.000445
0.003887
0.007686
0.004940
0.014365
0.000445
0.000445
0.004178
0.004992
0.003615
0.001637
0.003095
0.100454
0.006576
0.000090
0.006561
0.007491
0.015580
0.001997
0.003039
0.001997
0.002332
0.028173
0.005923
0.000835
0.007686
0.060844
0.080684
0.006512
0.002390
0.001284
0.001284
0.000445
0.002056
0.000835
0.000835
0.007456
0.006225
0.002056
0.039072
0.002983
0.001637
0.004376
0.002390
0.001203
0.002332
0.014539
0.008286
0.028113
0.001284
0.004678
0.001997
0.006930
0.001637
0.004376
0.011395
0.008811
0.002390
0.000090
0.004407
0.002390
0.001203
0.000445
0.002983
0.002390
0.001997
0.003709
0.003095
0.001284
0.001284
0.001997
0.009605
0.003380
0.001203
0.001284
0.001637
0.000835
0.001284
0.010210
0.000835
0.001997
0.005632
0.001203
0.001284
0.004693
0.001637
0.000445
0.011925
0.003686
0.003709
0.002390
0.000445
0.010612
0.001284
0.000835
0.000445
0.003341
0.002332
0.008763
0.001980
0.003670
0.001637
0.010058
0.002332
0.002390
0.000445
0.003063
0.001997
0.002315
0.001203
0.001997
0.003119
0.000445
0.092131
0.000090
0.001997
0.003357
0.005872
0.004353
0.007817
0.001284
0.000445
0.007421
0.003380
0.003995
0.000445
0.008416
0.003063
0.005457
0.001284
0.001997
0.007225
0.005923
0.009149
0.004300
0.001637
0.001637
0.000445
0.001997
0.000445
0.001997
0.054960
0.003039
0.005937
0.000445
0.049084
0.088610
0.006211
0.002701
0.242984
0.001980
0.030000
0.007372
0.030000
0.126807
0.042672
0.028368
0.019120
0.015034
0.019120
0.034034
0.007176
0.059067
0.104660
0.078672
0.081721
0.069869
0.129277
0.003039
0.002332
0.003709
0.008299
0.001284
0.006240
0.012111
0.001997
0.005390
0.001284
0.000445
0.001997
0.000445
0.000445
0.008011
0.001284
0.001997
0.000445
0.001284
0.005251
0.004625
0.001284
0.003230
0.002390
0.001284
0.022087
0.005632
0.018742
0.001997
0.023619
0.003887
0.008059
0.002390
0.003063
0.019601
0.002390
0.001997
0.001284
0.000445
0.020406
0.006512
0.000445
0.006240
0.017583
0.000445
0.008607
0.006412
0.009384
0.007505
0.001284
0.036197
0.005095
0.025885
0.002199
0.009632
0.020719
0.016209
0.011790
0.003039
0.002717
0.003763
0.002199
0.008607
0.000445
0.003670
0.000445
0.012591
0.000445
0.019407
0.000445
0.004693
0.005095
0.001637
0.004977
0.004018
0.002701
0.002390
0.001284
0.002199
0.001997
0.005288
0.004730
0.001284
0.002332
0.008334
0.013079
0.001997
0.003686
0.005937
0.001284
0.003709
0.003748
0.002447
0.001698
0.004071
0.006576
0.003561
0.010415
0.004300
0.001284
0.001637
0.007190
0.001284
0.001997
0.002390
0.003063
0.004977
0.001637
0.000445
0.001997
0.001997
0.005988
0.023343
0.014756
0.020406
0.021371
0.026419
0.001637
0.006611
0.167547
0.004872
0.003380
0.087909
0.082380
0.000835
0.019225
0.004071
0.003380
0.001284
0.003063
0.002332
0.005647
0.006512
0.055979
0.001997
0.001997
0.000445
0.000445
0.019654
0.000445
0.002315
0.003063
0.007127
0.001284
0.001997
0.013941
0.004693
0.004925
0.000445
0.006512
0.000445
0.000900
0.001997
0.000445
0.007176
0.002332
0.004603
0.002660
0.004376
0.001203
0.000445
0.001637
0.001980
0.001284
0.001284
0.002983
0.001997
0.000835
0.003063
0.001284
0.001284
0.001997
0.013540
0.001637
0.003380
0.000445
0.011155
0.003763
0.000515
0.019478
0.007540
0.000445
0.000445
0.000445
0.006225
0.021158
0.002332
0.008011
0.028952
0.004977
0.001284
0.012457
0.000445
0.000445
0.001284
0.029592
0.068208
0.000170
0.001284
0.004071
0.001284
0.028936
0.001347
0.004992
0.003063
0.000835
0.003724
0.001284
0.000445
0.002390
0.001637
0.001997
0.001284
0.017709
0.005273
0.004376
0.021721
0.010566
0.008203
0.004482
0.004693
0.000835
0.001997
0.001997
0.001284
0.003748
0.001284
0.005354
0.001997
0.007092
0.019987
0.001997
0.001284
0.038527
0.001997
0.004693
0.010507
0.004300
0.071175
0.002357
0.001284
0.028135
0.015984
0.000090
0.003357
0.001997
0.002774
0.002717
0.001997
0.001997
0.005302
0.002390
0.000835
0.000170
0.000515
0.006240
0.016923
0.004693
0.002332
0.010520
0.004992
0.063093
0.104568
0.000090
0.002332
0.004071
0.004300
0.003435
0.001284
0.000445
0.003341
0.002390
0.001284
0.001284
0.005081
0.004110
0.004285
0.000445
0.004048
0.008381
0.072602
0.069289
0.001997
0.007162
0.003545
0.004954
0.005095
0.003670
0.003063
0.001284
0.004693
0.004125
0.001997
0.000445
0.019753
0.002390
0.006024
0.006240
0.005302
0.001284
0.008844
0.001284
0.007113
0.000445
0.008093
0.001637
0.001284
0.001203
0.001284
0.009209
0.008313
0.003709
0.013023
0.004872
0.017386
0.001637
0.002717
0.001284
0.123303
0.067564
0.022236
0.009176
0.087538
0.041465
0.001997
0.003435
0.005302
0.007505
0.042534
0.003412
0.002717
0.025575
0.001284
0.001284
0.095863
0.006326
0.002332
0.015206
0.000445
0.011200
0.015697
0.002717
0.007141
0.001997
0.001637
0.021210
0.011744
0.014172
0.002717
0.018464
0.001284
0.001980
0.000445
0.006576
0.029721
0.019267
0.000445
0.002390
0.010038
0.007748
0.005302
0.000445
0.010428
0.004678
0.019078
0.032081
0.000445
0.004429
0.004693
0.003039
0.019876
0.005029
0.004353
0.007720
0.042233
0.007797
0.015965
0.003887
0.001284
0.016995
0.013111
0.007893
0.004693
0.003802
0.016409
0.005324
0.000445
0.005029
0.020027
0.006189
0.010756
0.001284
0.001637
0.003435
0.025508
0.008038
0.005698
0.010401
0.013079
0.011350
0.000445
0.000090
0.002530
0.014972
0.407455
0.246304
0.001637
0.241994
0.009256
0.010658
0.601048
0.272856
0.007078
0.101429
0.056983
0.015237
0.171097
0.004376
0.035832
0.026793
0.002390
0.001980
0.010894
0.030288
0.029114
0.011989
0.029114
0.080547
0.009149
0.016451
0.000445
0.011460
0.001266
0.001997
0.126629
0.004977
0.001637
0.000445
0.000445
0.001284
0.000445
0.022207
0.001980
0.001637
0.001637
0.001637
0.002967
0.001284
0.000445
0.002315
0.001980
0.000445
0.002983
0.000445
0.001284
0.013891
0.001997
0.001997
0.011970
0.022207
0.109574
0.000445
0.000445
0.000835
0.000445
0.000445
0.000835
0.027149
0.004603
0.000835
0.006426
0.002983
0.113197
0.171717
0.014346
0.010907
0.007686
0.001997
0.000445
0.000445
0.000445
0.000445
0.006225
0.004071
0.003063
0.006512
0.001284
0.005288
0.000445
0.005581
0.083296
0.001997
0.004992
0.005288
0.000445
0.004693
0.000445
0.003119
0.001284
0.005988
0.006276
0.003119
0.006497
0.000445
0.002390
0.003995
0.059203
0.077464
0.021330
0.001284
0.001284
0.002039
0.003095
0.001284
0.011719
0.001637
0.018884
0.001997
0.000445
0.005632
0.001203
0.000445
0.000835
0.005632
0.000445
0.000445
0.000835
0.018937
0.004376
0.014334
0.002390
0.001284
0.001284
0.000835
0.013023
0.005719
0.006512
0.030965
0.001284
0.001284
0.001284
0.001284
0.004376
0.001284
0.003779
0.000835
0.003063
0.001997
0.000445
0.003380
0.009444
0.008892
0.003435
0.008059
0.003748
0.021100
0.004745
0.002390
0.002390
0.005457
0.004071
0.016099
0.000835
0.001203
0.004071
0.037285
0.004323
0.001284
0.010302
0.000445
0.003995
0.017739
0.003686
0.001284
0.011109
0.006526
0.004429
0.003995
0.000445
0.035678
0.011428
0.101783
0.055408
0.002332
0.011667
0.022862
0.080800
0.010553
0.001347
0.004708
0.036304
0.000090
0.001284
0.000445
0.001284
0.001284
0.000900
0.000445
0.001284
0.007797
0.009978
0.003995
0.004429
0.000090
0.002717
0.002299
0.013200
0.009149
0.092194
0.094555
0.005632
0.006993
0.004693
0.011577
0.214600
0.107898
0.001997
0.008011
0.000090
0.306623
0.014390
0.009712
0.000090
0.040460
0.008265
0.009149
0.047537
0.015636
0.154266
0.004071
0.000090
0.012966
0.149976
0.001980
0.087938
0.032218
0.014452
0.071737
0.012737
0.002332
0.008011
0.029946
0.001284
0.000445
0.007421
0.003435
0.001203
0.002390
0.006139
0.003380
0.068986
0.007190
0.001997
0.007141
0.066278
0.022447
0.007519
0.017134
0.024819
0.007092
0.003670
0.004678
0.012201
0.003380
0.000445
0.004693
0.001997
0.002315
0.000445
0.030560
0.007734
0.005288
0.006261
0.006512
0.013023
0.006526
0.006526
0.002701
0.003063
0.002701
0.003615
0.004376
0.063209
0.010368
0.002332
0.018630
0.033325
0.001284
0.001637
0.004048
0.002390
0.003246
0.004071
0.007519
0.001637
0.006576
0.001284
0.009758
0.005632
0.003779
0.001284
0.001284
0.001284
0.001284
0.001284
0.002717
0.001637
0.001284
0.001284
0.001284
0.001284
0.001284
0.001284
0.001284
0.001997
0.001997
0.079846
0.007141
0.004760
0.003063
0.001284
0.001284
0.003095
0.001284
0.001284
0.015941
0.002660
0.001558
0.015046
0.013847
0.014346
0.001284
0.009712
0.004376
0.002660
0.000445
0.002332
0.001203
0.001203
0.015046
0.000445
0.014799
0.013351
0.013351
0.004977
0.058023
0.023777
0.002332
0.006810
0.005647
0.017206
0.030149
0.004678
0.021698
0.001997
0.005988
0.001284
0.001284
0.002660
0.001997
0.003063
0.001997
0.003063
0.001284
0.003063
0.001997
0.000445
0.001997
0.001997
0.022890
0.001997
0.003380
0.000445
0.001637
0.057763
0.001284
0.000445
0.023844
0.022418
0.001997
0.001203
0.008059
0.001284
0.005988
0.025519
0.007665
0.016923
0.000445
0.001997
0.005647
0.004071
0.002332
0.000445
0.005683
0.000445
0.009712
0.000445
0.000445
0.001997
0.001637
0.000445
0.001637
0.001637
0.006225
0.002717
0.000445
0.001637
0.000445
0.012246
0.001997
0.001980
0.003748
0.003995
0.013231
0.003763
0.000090
0.000445
0.001980
0.002717
0.004018
0.000445
0.016111
0.005302
0.013628
0.002315
0.011135
0.004018
0.051636
0.005354
0.008238
0.003380
0.036304
0.016838
0.000445
0.004048
0.026094
0.001758
0.001637
0.002983
0.020886
0.003979
0.003302
0.004110
0.021100
0.000445
0.001637
0.001203
0.001284
0.000445
0.001997
0.002660
0.000445
0.000445
0.001637
0.001284
0.001347
0.001203
0.001203
0.007637
0.001284
0.000445
0.001997
0.000445
0.001284
0.000445
0.001203
0.000835
0.000445
0.088336
0.000445
0.088183
0.005596
0.003724
0.002530
0.003833
0.000835
0.001997
0.006189
0.004745
0.000445
0.000445
0.001997
0.006211
0.007720
0.005596
0.158590
0.288938
0.018464
0.004071
0.009698
0.001391
0.065711
0.005596
0.013244
0.011428
0.008620
0.002390
0.005273
0.001637
0.001637
0.001284
0.005339
0.005683
0.004376
0.001203
0.006845
0.005029
0.008586
0.005632
0.079347
0.003063
0.000445
0.001997
0.002717
0.003039
0.001284
0.003357
0.016184
0.008381
0.004376
0.003063
0.004655
0.001997
0.009698
0.004730
0.016893
0.005581
0.058300
0.013079
0.001203
0.000090
0.000445
0.010828
0.004071
0.006161
0.002332
0.010848
0.000835
0.021681
0.000900
0.001997
0.004429
0.004071
0.042696
0.014682
0.007720
0.003380
0.001637
0.003686
0.000445
0.004071
0.007176
0.002774
0.017049
0.017709
0.002039
0.150509
0.068587
0.091120
0.010302
0.009444
0.006497
0.001637
0.002332
0.008169
0.000835
0.002831
0.038416
0.011382
0.001997
0.001997
0.025586
0.005288
0.044802
0.004977
0.032812
0.003357
0.012591
0.002332
0.003063
0.008586
0.000445
0.001637
0.004429
0.006611
0.001997
0.003380
0.036279
0.003763
0.006240
0.038966
0.012769
0.001997
0.005302
0.002098
0.009491
0.004048
0.035699
0.048703
0.014972
0.001347
0.014433
0.041525
0.001284
0.004048
0.001997
0.001637
0.000090
0.002447
0.008559
0.002056
0.001997
0.001997
0.002332
0.002774
0.101952
0.008607
0.000445
0.005770
0.038774
0.008313
0.005923
0.003748
0.016197
0.035904
0.005044
0.005390
0.000090
0.005901
0.035519
0.020748
0.001284
0.003357
0.001284
0.109784
0.034486
0.000515
0.267496
0.002717
0.001284
0.001266
0.011181
0.001997
0.000445
0.001997
0.000445
0.103680
0.061320
0.000445
0.000835
0.001997
0.000445
0.083971
0.112744
0.011382
0.001637
0.001997
0.000445
0.000445
0.012316
0.006024
0.004300
0.005221
0.000445
0.001284
0.006412
0.002660
0.030112
0.001284
0.024607
0.005596
0.003686
0.002332
0.000445
0.002660
0.003380
0.014085
0.000445
0.000445
0.011732
0.005770
0.007602
0.002390
0.039980
0.012002
0.001637
0.077937
0.089569
0.022850
0.010368
0.001266
0.000247
0.001997
0.001997
0.001997
0.005288
0.034765
0.001980
0.080626
0.010401
0.030411
0.024713
0.038477
0.007928
0.008093
0.002332
0.002717
0.001997
0.008763
0.000445
0.000445
0.004902
0.002257
0.001980
0.000835
0.001284
0.004625
0.028963
0.001980
0.031537
0.010599
0.001997
0.000445
0.001637
0.000445
0.004018
0.015507
0.011667
0.002240
0.000835
0.004376
0.001284
0.001637
0.041921
0.000170
0.015568
0.016778
0.060552
0.055505
0.002644
0.003435
0.002774
0.009792
0.003435
0.002332
0.001284
0.011077
0.001637
0.002390
0.014141
0.002390
0.001997
0.001284
0.019173
0.008858
0.001637
0.000445
0.001284
0.015151
0.009558
0.134603
0.001698
0.128372
0.001284
0.005632
0.004678
0.002717
0.002717
0.001284
0.185608
0.014041
0.015868
0.003686
0.001409
0.002332
0.033888
0.002983
0.004693
0.004693
0.013716
0.011135
0.002199
0.001997
0.002199
0.009792
0.000835
0.004678
0.012291
0.006859
0.005770
0.002199
0.005988
0.005988
0.004992
0.000445
0.000445
0.010953
0.010104
0.003380
0.000445
0.008573
0.006547
0.000445
0.001284
0.063950
0.120155
0.063586
0.035436
0.028542
0.001284
0.001284
0.284129
0.181705
0.007817
0.268142
0.006326
0.004376
0.000445
0.064481
0.006161
0.062005
0.010210
0.037834
0.004285
0.000445
0.000515
0.007783
0.001997
0.004125
0.000900
0.000090
0.001284
0.004071
0.003063
0.017769
0.017769
0.011732
0.001997
0.064145
0.111662
0.018269
0.013319
0.424051
0.025247
0.016597
0.014508
0.175887
0.007686
0.022070
0.025641
0.028747
0.000445
0.224940
0.019806
0.044559
0.006576
0.003709
0.001284
0.061638
0.008573
0.017936
0.117134
0.029834
0.001997
0.017511
0.173532
0.085081
0.168265
0.003063
0.110689
0.337357
0.321449
0.005044
0.011395
0.106111
0.090765
0.028634
0.019355
0.205389
0.002199
0.012367
0.044388
0.015175
0.013615
0.010428
0.059162
0.012501
0.004925
0.049422
0.028482
0.005029
0.002390
0.000445
0.001284
0.001284
0.001284
0.113763
0.004954
0.012712
0.014041
0.002644
0.000515
0.002774
0.020655
0.015366
0.014613
0.003063
0.016947
0.000445
0.002390
0.015910
0.005324
0.002717
0.005559
0.005988
0.001284
0.005029
0.002390
0.002390
0.003039
0.013256
0.031198
0.017541
0.004125
0.018185
0.007769
0.013659
0.013659
0.007748
0.007491
0.005901
0.003670
0.028162
0.024187
0.011719
0.001284
0.001284
0.002332
0.008334
0.102773
0.003435
0.537325
0.194325
0.164622
0.041267
0.002332
0.001997
0.004232
0.001284
0.001284
0.001997
0.005632
0.005302
0.001997
0.410254
0.002717
0.015378
0.039057
0.007880
0.001203
0.001680
0.001980
0.027422
0.004376
0.004655
0.001997
0.000515
0.000835
0.000445
0.011641
0.005559
0.006526
0.005617
0.001997
0.004018
0.005029
0.000835
0.002717
0.000445
0.069981
0.039614
0.000445
0.004071
0.000445
0.013364
0.001637
0.005632
0.004110
0.010071
0.047513
0.003357
0.001637
0.020788
0.002390
0.000835
0.001284
0.050808
0.136299
0.003686
0.063803
0.002332
0.001997
0.002332
0.020938
0.035786
0.006261
0.009128
0.003063
0.001997
0.001997
0.003380
0.002332
0.001284
0.002332
0.000445
0.002332
0.004018
0.001997
0.000445
0.005596
0.006161
0.004925
0.187261
0.271077
0.003063
0.028520
0.009525
0.196274
0.196135
0.001284
0.000445
0.001284
0.425741
0.006175
0.003380
0.001637
0.003039
0.048818
0.001997
0.001558
0.003380
0.000445
0.001997
0.000445
0.001284
0.295548
0.000170
0.000170
0.001997
0.003380
0.002123
0.002332
0.077053
0.119160
0.004603
0.001637
0.000835
0.003686
0.005376
0.003490
0.001997
0.134627
0.095993
0.092297
0.001997
0.005923
0.022487
0.025381
0.076199
0.003063
0.002717
0.002390
0.306460
0.331452
0.194161
0.018435
0.003357
0.019876
0.090502
0.255747
0.011505
0.012501
0.015163
0.004018
0.172908
0.012137
0.001997
0.005339
0.003380
0.000445
0.001997
0.008313
0.004977
0.002332
0.003063
0.208269
0.023219
0.000445
0.000445
0.003063
0.004376
0.002717
0.059035
0.000835
0.007162
0.011382
0.001997
0.001980
0.006512
0.001997
0.010599
0.004730
0.001997
0.000445
0.002390
0.000445
0.041604
0.001997
0.000445
0.000445
0.003709
0.001997
0.008573
0.002332
0.002587
0.001266
0.449566
0.276244
0.000515
0.597664
0.000835
0.014247
0.035750
0.023962
0.076864
0.001284
0.001284
0.005273
0.396747
0.004178
0.006859
0.004285
0.005029
0.003435
0.012335
0.022219
0.009081
0.008203
0.010276
0.004376
0.001284
0.001997
0.006211
0.000445
0.018843
0.007470
0.005339
0.002571
0.012826
0.002056
0.012246
0.001284
0.007734
0.003709
0.033878
0.011880
0.000445
0.045099
0.007190
0.002332
0.016081
0.000445
0.000835
0.001997
0.000445
0.005799
0.007113
0.003063
0.003063
0.005251
0.008155
0.000445
0.040050
0.001997
0.001980
0.001284
0.000515
0.003670
0.000900
0.005427
0.000445
0.008987
0.002447
0.000445
0.002447
0.036279
0.003670
0.001284
0.001997
0.001619
0.034781
0.000835
0.000445
0.001997
0.001997
0.002199
0.000835
0.003941
0.000515
0.000445
0.000170
0.085866
0.001203
0.003709
0.000835
0.000445
0.002240
0.000445
0.001619
0.000445
0.002199
0.002587
0.002199
0.001818
0.001347
0.001347
0.000515
0.002332
0.004872
0.000090
0.001203
0.000445
0.000835
0.004071
0.001637
0.003286
0.000835
0.000090
0.000445
0.000515
0.000090
0.003561
0.122764
0.001637
0.003286
0.000445
0.002660
0.000515
0.001203
0.000445
0.013691
0.007470
0.004678
0.003979
0.002644
0.000835
0.018524
0.000445
0.009149
0.002373
0.000090
0.002660
0.012137
0.001284
0.000445
0.000445
0.000445
0.007588
0.000445
0.003748
0.368784
0.004300
0.038905
0.041043
0.070214
0.019987
0.012591
0.011622
0.002199
0.010038
0.001284
0.002199
0.001637
0.103637
0.012978
0.008586
0.021077
0.012858
0.002257
0.005478
0.002199
0.003600
0.000445
0.001980
0.002315
0.007470
0.002373
0.000170
0.002257
0.012915
0.039273
0.003246
0.002257
0.058972
0.002199
0.000445
0.001284
0.001284
0.010183
0.001997
0.001997
0.026067
0.001284
0.005821
0.004071
0.105640
0.259127
0.008059
0.000445
0.121892
0.084114
0.002373
0.007190
0.008987
0.558769
0.424165
0.007470
0.002447
0.001284
0.000445
0.001997
0.001284
0.029431
0.001637
0.001284
0.004954
0.361597
0.007976
0.002390
0.000445
0.002717
0.001284
0.109593
0.003686
0.004693
0.003119
0.000445
0.007817
0.034827
0.012335
0.667418
0.444649
0.522373
0.000835
0.005872
0.216928
0.002215
0.001637
0.000247
0.000835
0.000445
0.002332
0.003119
0.001284
0.026716
0.001980
0.009290
0.002257
0.099270
0.100242
0.007442
0.007442
0.001997
0.001997
0.000170
0.001997
0.004625
0.012889
0.001619
0.001284
0.004678
0.013552
0.003600
0.006845
0.134687
0.046179
0.002431
0.010998
0.013866
0.000090
0.013571
0.000445
0.029898
0.003709
0.008011
0.005647
0.001284
0.001284
0.000445
0.001997
0.006711
0.003995
0.000445
0.017667
0.003380
0.002332
0.001284
0.002431
0.001997
0.000445
0.014172
0.010382
0.004376
0.001997
0.214937
0.005442
0.002447
0.002390
0.001284
0.003709
0.005339
0.002447
0.002315
0.004693
0.002332
0.171579
0.002098
0.005559
0.000585
0.020638
0.003686
0.000090
0.002390
0.003063
0.001284
0.004429
0.008299
0.004693
0.010289
0.009209
0.007442
0.006276
0.214685
0.011415
0.003063
0.004678
0.006512
0.004376
0.009525
0.001284
0.005044
0.003063
0.001284
0.001284
0.006240
0.008939
0.004693
0.001997
0.007540
0.054757
0.005581
0.075440
0.004071
0.001284
0.000090
0.009256
0.004125
0.001980
0.000835
0.000445
0.000445
0.001284
0.001997
0.001284
0.000445
0.001637
0.002717
0.000445
0.001637
0.003435
0.001637
0.003151
0.000445
0.006831
0.004693
0.003709
0.002660
0.002215
0.017965
0.010024
0.034231
0.012501
0.003063
0.003246
0.003063
0.003039
0.001284
0.001284
0.008251
0.029028
0.006782
0.001203
0.002717
0.002717
0.002315
0.007976
0.009337
0.001453
0.007769
0.005457
0.002056
0.001284
0.001741
0.000445
0.001997
0.015593
0.000090
0.002056
0.000835
0.003709
0.001997
0.001997
0.013879
0.045807
0.001997
0.001284
0.004353
0.000835
0.005288
0.001284
0.004429
0.002390
0.001997
0.028265
0.001980
0.023365
0.004730
0.001284
0.002685
0.020423
0.041093
0.015132
0.012214
0.007211
0.003063
0.005339
0.002332
0.020027
0.001347
0.004429
0.050610
0.006611
0.006326
0.000515
0.003709
0.004429
0.002717
0.011744
0.040375
0.005288
0.002332
0.004520
0.028417
0.035725
0.000445
0.003709
0.010150
0.000835
0.008251
0.004376
0.000445
0.001049
0.003561
0.001997
0.000835
0.001637
0.003435
0.008121
0.003357
0.004730
0.000445
0.004300
0.000835
0.002315
0.000445
0.000445
0.000445
0.009745
0.003380
0.047220
0.004232
0.001980
0.005937
0.003545
0.005339
0.000445
0.006796
0.012813
0.012271
0.002056
0.002644
0.001698
0.022059
0.007113
0.001203
0.000900
0.004048
0.001637
0.009464
0.003039
0.000445
0.005821
0.009792
0.001284
0.001284
0.036857
0.003709
0.009572
0.001980
0.001997
0.004376
0.008654
0.003063
0.002199
0.002927
0.005581
0.008586
0.003063
0.001997
0.000445
0.001698
0.003302
0.001997
0.022822
0.005647
0.005683
0.000445
0.001997
0.003412
0.002039
0.206135
0.157425
0.012546
0.012546
0.000090
0.008059
0.005058
0.000170
0.004992
0.000445
0.002056
0.003063
0.001997
0.002315
0.003600
0.020039
0.002039
0.001637
0.004550
0.006547
0.001997
0.002199
0.008607
0.335467
0.010150
0.006993
0.009825
0.002774
0.007783
0.002701
0.004730
0.314562
0.001284
0.001347
0.001997
0.001997
0.001997
0.010024
0.001284
0.001997
0.005937
0.004693
0.000835
0.000445
0.001698
0.000445
0.010920
0.006796
0.004071
0.015965
0.000900
0.000835
0.001997
0.001637
0.003412
0.000090
0.002774
0.008059
0.000090
0.019712
0.004640
0.002644
0.004071
0.000445
0.000900
0.003380
0.001347
0.002332
0.039990
0.001698
0.002199
0.000445
0.005132
0.000835
0.001284
0.002887
0.028736
0.046984
0.000445
0.008238
0.005478
0.404448
0.000445
0.000445
0.005162
0.000515
0.026936
0.024333
0.023139
0.001284
0.004693
0.003063
0.003063
0.005095
0.001637
0.000900
0.063115
0.091355
0.001980
0.001997
0.528045
0.501446
0.001266
0.001284
0.014799
0.172013
0.186371
0.006831
0.010243
0.000445
0.020220
0.115894
0.000445
0.013332
0.002373
0.002315
0.005390
0.015568
0.004376
0.008491
0.012782
0.007491
0.005044
0.001284
0.001997
0.001997
0.007190
0.002717
0.000445
0.002123
0.008573
0.009712
0.038239
0.002315
0.003357
0.032539
0.001997
0.001203
0.000445
0.000721
0.000515
0.001284
0.001284
0.004655
0.009991
0.007686
0.000445
0.017852
0.052175
0.006139
0.001284
0.019817
0.006426
0.000515
0.030672
0.518005
0.140090
0.001997
0.110943
0.029431
0.000445
0.015464
0.002967
0.002332
0.001637
0.001284
0.004194
0.004992
0.003709
0.006276
0.004018
0.024780
0.080020
0.073906
0.004640
0.000445
0.006276
0.000090
0.001284
0.006462
0.000445
0.000966
0.005354
0.000445
0.001284
0.006831
0.000445
0.001637
0.000445
0.002717
0.005872
0.006376
0.000445
0.115835
0.015794
0.007141
0.006611
0.001637
0.005273
0.000445
0.003039
0.001203
0.004285
0.029065
0.004048
0.001997
0.001284
0.004678
0.001997
0.002390
0.004655
0.303418
0.007720
0.004429
0.015593
0.037061
0.008953
0.000090
0.012712
0.003686
0.001637
0.001284
0.006240
0.003709
0.186006
0.010368
0.001203
0.000515
0.000445
0.004071
0.000445
0.004110
0.000445
0.002717
0.056144
0.000835
0.001997
0.001619
0.002315
0.000445
0.003686
0.004018
0.000445
0.003341
0.013866
0.052760
0.005923
0.002373
0.001637
0.001637
0.000445
0.002332
0.013910
0.019243
0.011970
0.007141
0.004992
0.008491
0.005821
0.000445
0.007162
0.004071
0.053002
0.000445
0.001637
0.006859
0.003380
0.033450
0.000445
0.000445
0.000445
0.000445
0.008763
0.008763
0.000445
0.002717
0.002199
0.689423
0.582779
0.029404
0.001997
0.001284
0.002390
0.001997
0.292328
0.291358
0.008905
0.007393
0.007393
0.003063
0.012756
0.000445
0.003748
0.001980
0.004376
0.009511
0.004730
0.003748
0.004760
0.001741
0.001329
0.000445
0.000445
0.000090
0.001637
0.001637
0.001980
0.001284
0.002390
0.000835
0.000835
0.014725
0.005273
0.001980
0.000835
0.025120
0.002951
0.004048
0.018949
0.011382
0.013540
0.004376
0.004954
0.004678
0.000445
0.004603
0.001203
0.012712
0.005937
0.002332
0.222489
0.226742
0.000835
0.007720
0.032339
0.000445
0.006526
0.016512
0.005044
0.026870
0.000170
0.080704
0.079268
0.004300
0.073685
0.014141
0.000515
0.020353
0.004977
0.003063
0.007797
0.033168
0.001997
0.009872
0.004071
0.001284
0.023563
0.001284
0.003435
0.001284
0.024450
0.458905
0.575868
0.000445
0.016724
0.005029
0.005544
0.000445
0.002660
0.013835
0.007043
0.007442
0.001637
0.006240
0.007734
0.007734
0.000445
0.001284
0.003615
0.000090
0.000445
0.003545
0.110682
0.000835
0.000445
0.001284
0.000445
0.000835
0.132465
0.001266
0.002390
0.002390
0.000835
0.008334
0.001903
0.005251
0.004992
0.003039
0.011428
0.002332
0.008905
0.005339
0.003435
0.021601
0.000900
0.010632
0.008299
0.005457
0.004125
0.003119
0.001997
0.002390
0.008265
0.002660
0.000090
0.000445
0.002660
0.000445
0.002660
0.000445
0.000445
0.004018
0.005095
0.005095
0.005095
0.004018
0.000445
0.001997
0.001997
0.003709
0.003095
0.004625
0.002660
0.070839
0.001409
0.001409
0.016439
0.014128
0.000445
0.004071
0.001203
0.006732
0.001284
0.001284
0.001284
0.007817
0.002390
0.006512
0.001637
0.001637
0.001284
0.004376
0.001284
0.004071
0.000090
0.000445
0.001284
0.000445
0.035457
0.003435
0.020493
0.008011
0.004018
0.004018
0.002717
0.001284
0.000445
0.031706
0.011155
0.000445
0.006311
0.005044
0.000445
0.002390
0.002332
0.000090
0.000090
0.004902
0.023844
0.003079
0.001997
0.000445
0.000515
0.000515
0.000585
0.007043
0.000445
0.002660
0.000445
0.002717
0.074911
0.001284
0.001284
0.001980
0.000445
0.001284
0.001698
0.001637
0.003709
0.000445
0.002660
0.002332
0.003686
0.000445
0.003380
0.001284
0.002390
0.000445
0.001284
0.001284
0.003748
0.005923
0.001284
0.004977
0.002390
0.081597
0.000445
0.010553
0.000445
0.000445
0.001347
0.000445
0.214300
0.001284
0.002390
0.013023
0.001558
0.038072
0.001637
0.001980
0.000445
0.000445
0.001203
0.028736
0.567552
0.452675
0.224608
0.002390
0.001284
0.000445
0.000445
0.001471
0.004954
0.004376
0.007141
0.003063
0.001284
0.000445
0.000653
0.000445
0.000090
0.015507
0.008334
0.004977
0.000900
0.000900
0.007239
0.001284
0.002717
0.001637
0.003063
0.006240
0.012782
0.000835
0.020365
0.002332
0.000445
0.015261
0.001203
0.001284
0.008905
0.001203
0.000835
0.001284
0.024148
0.001284
0.001997
0.010322
0.005339
0.005251
0.001284
0.004071
0.005988
0.000515
0.001997
0.002390
0.001284
0.004730
0.023444
0.022941
0.003435
0.369105
0.016451
0.003341
0.003023
0.001997
0.000445
0.002717
0.051128
0.001698
0.003063
0.001284
0.015550
0.001698
0.001284
0.010586
0.005044
0.014873
0.000445
0.000090
0.001347
0.002332
0.000835
0.013483
0.001637
0.000090
0.002530
0.002644
0.010507
0.001637
0.001637
0.004992
0.000090
0.001203
0.001203
0.002315
0.002039
0.000445
0.001203
0.007540
0.000090
0.000090
0.001637
0.008155
0.002039
0.000445
0.001997
0.000445
0.011686
0.000515
0.001284
0.000445
0.000445
0.002717
0.003995
0.008038
0.171103
0.000090
0.000835
0.100214
0.007976
0.009698
0.000445
0.001284
0.002315
0.000900
0.002530
0.043262
0.005339
0.000322
0.000445
0.000445
0.001637
0.006060
0.006561
0.010907
0.048412
0.001284
0.000445
0.000090
0.003357
0.000445
0.001347
0.000090
0.001284
0.003063
0.001997
0.175230
0.019490
0.002390
0.000835
0.002390
0.001284
0.001284
0.003380
0.003380
0.002390
0.076300
0.006611
0.005044
0.005973
0.000835
0.002447
0.010038
0.001637
0.001637
0.004678
0.003063
0.001284
0.003151
0.001980
0.001558
0.008573
0.005559
0.015996
0.001637
0.128205
0.010302
0.000835
0.000445
0.002489
0.000900
0.050256
0.006547
0.002039
0.026870
0.001861
0.001861
0.018967
0.003063
0.024958
0.002717
0.023591
0.001284
0.001997
0.001997
0.001558
0.001266
0.034879
0.001284
0.035323
0.001284
0.001284
0.001284
0.001284
0.012546
0.003709
0.003709
0.001698
0.001997
0.001980
0.018031
0.007817
0.001637
0.001997
0.001203
0.000835
0.000445
0.000445
0.005683
0.002447
0.001203
0.026738
0.001203
0.000835
0.000445
0.002056
0.000445
0.000445
0.001997
0.008217
0.002390
0.001980
0.005339
0.000445
0.001347
0.003779
0.001637
0.001698
0.000445
0.002332
0.001284
0.003039
0.002447
0.007519
0.002447
0.000445
0.001284
0.001284
0.002717
0.023631
0.008878
0.005937
0.003686
0.000445
0.001997
0.004376
0.000445
0.000445
0.000445
0.008844
0.000445
0.000515
0.000445
0.007190
0.000585
0.001997
0.004353
0.008025
0.001284
0.001284
0.000445
0.000445
0.000445
0.000585
0.000445
0.002240
0.026122
0.001284
0.001997
0.001997
0.000445
0.000445
0.028936
0.045681
0.002056
0.001284
0.002199
0.002332
0.038931
0.201896
0.017218
0.003380
0.001997
0.000966
0.000445
0.000445
0.008559
0.002390
0.003435
0.000445
0.003119
0.002390
0.107596
0.024265
0.003435
0.010645
0.010724
0.001997
0.000445
0.001284
0.001637
0.000835
0.001997
0.001637
0.011415
0.000835
0.001997
0.003964
0.123716
0.007734
0.023354
0.007141
0.002315
0.004323
0.023258
0.003435
0.007651
0.003709
0.004693
0.056832
0.000445
0.027689
0.027689
0.026985
0.010256
0.009945
0.000515
0.000090
0.000445
0.000445
0.001758
0.001558
0.000900
0.003748
0.023867
0.002983
0.150305
0.021939
0.039650
0.013647
0.023484
0.002332
0.001997
0.000445
0.001997
0.000445
0.000445
0.009176
0.012782
0.002056
0.001997
0.004429
0.004429
0.005162
0.000445
0.001284
0.003670
0.000445
0.001980
0.005251
0.052596
0.010401
0.000445
0.007239
0.002414
0.004285
0.000445
0.036253
0.002774
0.001284
0.006089
0.002887
0.000090
0.001997
0.001284
0.004640
0.000835
0.003063
0.084449
0.001637
0.010137
0.000835
0.001284
0.001284
0.001997
0.078213
0.156879
0.015206
0.040070
0.001284
0.000445
0.028455
0.008607
0.030411
0.002717
0.035976
0.008217
0.000445
0.004954
0.004760
0.018340
0.003435
0.003748
0.010828
0.003435
0.001284
0.002390
0.001284
0.001980
0.001997
0.001284
0.003039
0.001347
0.002332
0.002717
0.011641
0.004678
0.005339
0.000445
0.000445
0.000445
0.002332
0.004323
0.001284
0.001284
0.001997
0.002390
0.003063
0.000835
0.007162
0.001284
0.214478
0.020173
0.002373
0.000445
0.000835
0.003654
0.001558
0.000445
0.000170
0.000445
0.025247
0.006376
0.000445
0.001284
0.001558
0.002660
0.001391
0.000835
0.000445
0.002660
0.004693
0.001997
0.016354
0.001284
0.001284
0.003063
0.003063
0.005251
0.002390
0.003748
0.001284
0.001284
0.001284
0.001284
0.001284
0.001284
0.003380
0.001637
0.000445
0.001284
0.000445
0.001637
0.044963
0.062643
0.001284
0.003748
0.001284
0.002039
0.053407
0.000835
0.001347
0.005632
0.043919
0.008416
0.002717
0.002717
0.013319
0.011486
0.047594
0.017852
0.032613
0.017007
0.002983
0.018464
0.015132
0.008607
0.008607
0.006859
0.002831
0.001818
0.003709
0.002390
0.002390
0.000445
0.000445
0.005596
0.000445
0.000445
0.003230
0.001758
0.004391
0.001997
0.000090
0.000445
0.000900
0.000445
0.000835
0.000090
0.002390
0.000515
0.000445
0.001758
0.002199
0.003686
0.002257
0.001723
0.004376
0.002199
0.002199
0.000090
0.000090
0.008299
0.004110
0.002199
0.045157
0.007078
0.001284
0.061701
0.003748
0.001284
0.001997
0.011867
0.001637
0.006810
0.003995
0.001997
0.003995
0.000445
0.001637
0.000445
0.001284
0.003748
0.002332
0.000445
0.002056
0.009149
0.002257
0.007990
0.003063
0.002332
0.016669
0.001997
0.001997
0.001997
0.002039
0.000835
0.006845
0.006845
0.001903
0.000445
0.000445
0.002390
0.006845
0.004018
0.000445
0.000090
0.004071
0.006261
0.003748
0.001284
0.001284
0.013879
0.004071
0.010874
0.002390
0.002332
0.010874
0.004992
0.001284
0.001997
0.001997
0.001997
0.002390
0.000445
0.001637
0.003063
0.001284
0.001284
0.001284
0.002390
0.001980
0.002332
0.000835
0.000445
0.000445
0.002315
0.000445
0.405551
0.012214
0.000445
0.368583
0.001284
0.001284
0.000445
0.006240
0.006240
0.002855
0.002855
0.001637
0.005872
0.002911
0.000090
0.000445
0.003063
0.000515
0.008025
0.001284
0.046599
0.000090
0.000090
0.000445
0.003175
0.001284
0.001284
0.002022
0.000445
0.002390
0.006944
0.001637
0.003302
0.001284
0.002098
0.000445
0.000445
0.000445
0.001284
0.006831
0.005044
0.019835
0.011531
0.004323
0.004353
0.318887
0.000445
0.015206
0.001347
0.010848
0.002299
0.001980
0.001284
0.001997
0.003380
0.107668
0.020805
0.001980
0.006326
0.001980
0.001284
0.000445
0.001284
0.001980
0.001997
0.003119
0.000835
0.013803
0.033826
0.012801
0.009712
0.006547
0.001637
0.000835
0.004708
0.011732
0.002644
0.006125
0.004376
0.006845
0.005184
0.004887
0.000835
0.003039
0.001637
0.003522
0.001203
0.001203
0.001637
0.008559
0.002390
0.001980
0.003357
0.000445
0.001980
0.001284
0.001997
0.001284
0.001284
0.038193
0.001637
0.002390
0.046970
0.001284
0.005988
0.036243
0.004376
0.015003
0.000515
0.000445
0.002332
0.002390
0.035822
0.008073
0.002390
0.037107
0.001284
0.003039
0.000835
0.000090
0.001284
0.000445
0.001284
0.000445
0.005044
0.002056
0.002660
0.000445
0.014595
0.002332
0.007748
0.002315
0.002315
0.000445
0.001284
0.000445
0.000445
0.000445
0.001997
0.000445
0.002660
0.010150
0.005923
0.005081
0.000835
0.012978
0.007393
0.145345
0.130546
0.027678
0.011304
0.143613
0.010058
0.010302
0.001637
0.001284
0.006576
0.000445
0.002431
0.001637
0.000445
0.000090
0.001409
0.001347
0.005251
0.003600
0.011777
0.001980
0.001284
0.009290
0.000835
0.001997
0.000515
0.000445
0.000445
0.000445
0.005390
0.000515
0.000445
0.005683
0.008313
0.001980
0.000445
0.002332
0.045133
0.001997
0.041639
0.051603
0.033534
0.000445
0.041043
0.017989
0.008620
0.006240
0.001997
0.001997
0.001284
0.008299
0.001284
0.006831
0.001203
0.002390
0.000835
0.001637
0.001284
0.001997
0.122847
0.008025
0.010117
0.001284
0.015433
0.005647
0.002571
0.002571
0.003063
0.003063
0.000835
0.027488
0.003979
0.000090
0.001284
0.006760
0.047061
0.006161
0.001980
0.002199
0.000445
0.001997
0.000445
0.002332
0.001997
0.001997
0.001284
0.006561
0.004048
0.001284
0.003979
0.001284
0.001637
0.001347
0.005836
0.001284
0.001284
0.004376
0.001284
0.000090
0.000900
0.004977
0.003380
0.001284
0.000445
0.001347
0.001266
0.001997
0.001284
0.006859
0.005647
0.001997
0.001284
0.004071
0.002022
0.006859
0.000835
0.007141
0.002390
0.003748
0.001284
0.004323
0.002332
0.003748
0.001284
0.001284
0.006796
0.011970
0.001980
0.001284
0.000090
0.003023
0.000445
0.000090
0.004902
0.042741
0.001997
0.001997
0.001284
0.013891
0.003095
0.002774
0.002717
0.000445
0.013067
0.003709
0.000445
0.002717
0.001284
0.013847
0.002315
0.004353
0.001997
0.000445
0.000445
0.000445
0.003063
0.001284
0.003063
0.003063
0.001284
0.003039
0.008059
0.001284
0.001284
0.000835
0.000445
0.000445
0.001284
0.001576
0.004992
0.000445
0.010230
0.025208
0.005273
0.003246
0.000090
0.002390
0.003357
0.013364
0.013364
0.002390
0.011719
0.001284
0.001637
0.000445
0.002199
0.002199
0.015910
0.005668
0.000835
0.004693
0.004693
0.002390
0.001284
0.002390
0.008142
0.001997
0.004992
0.110794
0.003709
0.006831
0.005324
0.001637
0.002774
0.000445
0.001997
0.001997
0.003817
0.003709
0.000090
0.000445
0.006261
0.002717
0.005221
0.001284
0.000445
0.002390
0.000515
0.003039
0.000445
0.002390
0.002644
0.000445
0.018648
0.001284
0.002431
0.002774
0.139730
0.001284
0.000445
0.004048
0.001284
0.003063
0.027127
0.002530
0.002199
0.000445
0.005044
0.000170
0.000090
0.000090
0.000090
0.002431
0.002098
0.002056
0.000835
0.016754
0.003063
0.014669
0.016995
0.001284
0.002199
0.001284
0.002717
0.000090
0.000090
0.002717
0.004376
0.001284
0.001266
0.005923
0.001284
0.001284
0.003709
0.001284
0.042149
0.020464
0.000445
0.000854
0.019490
0.000445
0.003207
0.004459
0.005581
0.000090
0.001284
0.017344
0.002390
0.001980
0.000445
0.001637
0.000835
0.000445
0.000445
0.000090
0.003095
0.002373
0.001637
0.001284
0.000090
0.000445
0.038219
0.020132
0.034889
0.071093
0.028265
0.036458
0.001980
0.000445
0.003435
0.001284
0.001284
0.013187
0.001284
0.002390
0.002390
0.001284
0.000445
0.002390
0.000445
0.007141
0.002332
0.002390
0.001284
0.001284
0.013716
0.010678
0.000835
0.001698
0.000090
0.001347
0.000585
0.377060
0.322916
0.001637
0.000445
0.001284
0.001698
0.000445
0.000445
0.000445
0.000445
0.003412
0.000835
0.001637
0.000445
0.002332
0.015636
0.007407
0.001997
0.000445
0.000445
0.001284
0.001637
0.061710
0.519120
0.001997
0.003246
0.269698
0.089758
0.003380
0.003709
0.004625
0.001980
0.001637
0.017386
0.004550
0.000835
0.012201
0.001284
0.002967
0.016057
0.006074
0.010091
0.000445
0.000445
0.003686
0.000445
0.000445
0.000835
0.014595
0.004429
0.000445
0.007700
0.001637
0.015249
0.002199
0.014421
0.002717
0.004376
0.007421
0.002660
0.001637
0.077216
0.005647
0.000090
0.000445
0.004048
0.001284
0.000445
0.000515
0.000445
0.029844
0.001637
0.005058
0.000445
0.001284
0.001637
0.000445
0.001284
0.001284
0.004678
0.000445
0.002717
0.003748
0.004163
0.008093
0.003748
0.003357
0.001284
0.001284
0.007817
0.008654
0.000445
0.018630
0.028736
0.001284
0.004730
0.047042
0.001284
0.001284
0.000835
0.001637
0.000835
0.002390
0.001284
0.000445
0.000445
0.003357
0.047085
0.000445
0.026183
0.001284
0.002887
0.408631
0.014595
0.002315
0.001903
0.003670
0.001347
0.006326
0.000445
0.003380
0.002660
0.002660
0.001284
0.001284
0.098506
0.000515
0.003709
0.007141
0.002390
0.003063
0.001284
0.001997
0.227748
0.004376
0.004655
0.002717
0.001980
0.001637
0.078213
0.000445
0.000445
0.001284
0.001980
0.000445
0.004376
0.001637
0.002332
0.030000
0.004048
0.007686
0.007748
0.005923
0.003095
0.036663
0.000585
0.000090
0.000090
0.002831
0.001284
0.001980
0.028010
0.001266
0.000515
0.000445
0.006497
0.005988
0.341064
0.001284
0.022822
0.001284
0.001284
0.001347
0.003435
0.002390
0.000090
0.001980
0.012991
0.001997
0.002983
0.003063
0.000445
0.000445
0.000445
0.000445
0.000445
0.002644
0.024069
0.069921
0.000445
0.000090
0.183991
0.004954
0.001284
0.003817
0.000170
0.004087
0.000445
0.001409
0.108331
0.001997
0.001997
0.001997
0.000515
0.000170
0.002199
0.000445
0.001980
0.000445
0.009491
0.001284
0.009491
0.002390
0.075211
0.001284
0.003709
0.001997
0.003380
0.001637
0.001997
0.000445
0.003709
0.000515
0.001637
0.004376
0.001997
0.000445
0.001284
0.001997
0.002332
0.001997
0.050676
0.007274
0.001284
0.000445
0.000445
0.000445
0.002332
0.000445
0.003039
0.001347
0.001997
0.000445
0.000445
0.000445
0.035786
0.005647
0.000090
0.000445
0.003686
0.003435
0.000445
0.003709
0.000445
0.001284
0.001997
0.001284
0.001284
0.001284
0.000445
0.000445
0.000445
0.000445
0.004376
0.000445
0.001637
0.001637
0.000445
0.004376
0.000445
0.003063
0.001284
0.001284
0.000445
0.000090
0.001284
0.001997
0.018132
0.000445
0.001637
0.001997
0.001997
0.003686
0.004071
0.001284
0.002357
0.000170
0.001284
0.001997
0.002332
0.005044
0.001203
0.003709
0.002717
0.000090
0.000090
0.002390
0.001284
0.000445
0.002357
0.003039
0.000445
0.002390
0.053189
0.010448
0.000445
0.017989
0.046566
0.001680
0.001997
0.021801
0.021801
0.046204
0.001284
0.004693
0.003748
0.001284
0.001284
0.008905
0.012335
0.003063
0.008038
0.002332
0.024540
0.013615
0.002390
0.006526
0.003435
0.005302
0.006225
0.003246
0.019296
0.041629
0.013143
0.011460
0.001980
0.009337
0.688629
0.005544
0.002390
0.001284
0.003435
0.060633
0.001997
0.000445
0.000445
0.001637
0.002717
0.034879
0.002660
0.001637
0.086515
0.002199
0.001284
0.005647
0.000835
0.005251
0.208999
0.164795
0.005044
0.000900
0.001347
0.024265
0.009350
0.000445
0.001347
0.043252
0.008059
0.002332
0.002717
0.001284
0.040070
0.035349
0.002717
0.002660
0.000445
0.016354
0.015237
0.004071
0.000515
0.004376
0.005029
0.005683
0.001637
0.002717
0.002332
0.004071
0.145985
0.101456
0.000515
0.005029
0.110794
0.050412
0.025092
0.008334
0.008334
0.005044
0.004954
0.004954
0.000090
0.001284
0.015636
0.095377
0.071840
0.037920
0.001637
0.002983
0.006831
0.002390
0.002390
0.003380
0.003063
0.001637
0.136012
0.000835
0.003357
0.001637
0.002967
0.002039
0.001284
0.001284
0.004745
0.005029
0.000445
0.003856
0.002530
0.000515
0.007942
0.002390
0.003063
0.032849
0.602981
0.503906
0.252172
0.208815
0.028135
0.111226
0.052124
0.063231
0.006526
0.005937
0.001637
0.107517
0.010322
0.026870
0.002332
0.011764
0.001284
0.061710
0.008926
0.001637
0.000090
0.003435
0.006261
0.000445
0.000835
0.001997
0.000445
0.005390
0.053133
0.009020
0.021330
0.004655
0.027662
0.006276
0.008892
0.001997
0.003802
0.001997
0.003380
0.000900
0.001637
0.012813
0.046850
0.002967
0.003995
0.003724
0.002717
0.019337
0.001284
0.001637
0.005339
0.012335
0.029946
0.003709
0.000835
0.002717
0.000445
0.000445
0.003709
0.014085
0.003670
0.010645
0.019396
0.000445
0.002199
0.141112
0.288286
0.006261
0.000787
0.000090
0.000445
0.000445
0.062278
0.001637
0.001637
0.001284
0.002390
0.001284
0.001997
0.147864
0.001997
0.000090
0.047647
0.047647
0.003435
0.003063
0.005288
0.001637
0.002644
0.000445
0.007141
0.003380
0.003709
0.001284
0.001997
0.002774
0.002332
0.004125
0.000090
0.001997
0.004992
0.001284
0.002332
0.001997
0.001997
0.021572
0.021572
0.011259
0.003435
0.003435
0.000445
0.003380
0.001637
0.001637
0.001997
0.008038
0.004693
0.005530
0.001094
0.004887
0.002758
0.021077
0.002717
0.001284
0.016294
0.001997
0.001284
0.000835
0.006240
0.010349
0.000835
0.003802
0.004535
0.033487
0.001284
0.004977
0.003686
0.003063
0.001997
0.001284
0.006561
0.007491
0.001284
0.003435
0.003380
0.006561
0.001637
0.004018
0.003063
0.001203
0.000445
0.000445
0.054452
0.011473
0.012246
0.041267
0.069999
0.005339
0.017290
0.010230
0.026716
0.029694
0.001997
0.001284
0.008251
0.016681
0.032071
0.006512
0.012546
0.000445
0.002390
0.007470
0.000445
0.007190
0.000721
0.000170
0.000445
0.012021
0.077367
0.013866
0.273076
0.022714
0.032376
0.056456
0.001284
0.006547
0.006225
0.004992
0.010401
0.004285
0.001284
0.003435
0.001997
0.011564
0.027051
0.008844
0.033069
0.000090
0.051739
0.049678
0.005184
0.003063
0.000900
0.001997
0.018185
0.017290
0.003191
0.006881
0.001284
0.003095
0.001637
0.001284
0.029356
0.456404
0.003779
0.003686
0.007393
0.031823
0.004018
0.003686
0.017488
0.004902
0.001637
0.001284
0.001284
0.126714
0.003063
0.011667
0.000445
0.000445
0.000445
0.000445
0.017260
0.016427
0.003686
0.062559
0.091439
0.055946
0.002983
0.006426
0.004535
0.001758
0.007421
0.002315
0.002332
0.007442
0.001347
0.004071
0.003063
0.020464
0.001637
0.048021
0.029935
0.050652
0.005324
0.203813
0.006895
0.000835
0.003063
0.009149
0.044904
0.009418
0.002332
0.003380
0.000445
0.023670
0.009725
0.036749
0.024841
0.003724
0.000515
0.003724
0.002039
0.005647
0.012021
0.002717
0.004376
0.001997
0.001284
0.000835
0.001637
0.018352
0.001284
0.007491
0.013835
0.003063
0.011667
0.001637
0.007700
0.002140
0.000966
0.008763
0.001266
0.003887
0.008313
0.018007
0.007337
0.049365
0.000090
0.007141
0.003063
0.045507
0.010302
0.009162
0.011989
0.001284
0.000445
0.000445
0.000090
0.125081
0.001997
0.000445
0.000445
0.000835
0.000445
0.000445
0.001997
0.000445
0.000445
0.001284
0.104515
0.194729
0.011122
0.000445
0.014873
0.009725
0.033288
0.004497
0.005596
0.040645
0.000445
0.000445
0.019601
0.011699
0.007470
0.008361
0.009478
0.000445
0.017541
0.002373
0.010782
0.009047
0.003654
0.003724
0.001284
0.000445
0.016336
0.003490
0.003063
0.042775
0.032450
0.001284
0.002871
0.065786
0.005493
0.000445
0.005405
0.004444
0.043527
0.043757
0.034439
0.008286
0.036012
0.197714
0.007588
0.030550
0.000835
0.423861
0.006038
0.002315
0.000090
0.003435
0.002717
0.003063
0.045700
0.004954
0.001637
0.024685
0.019225
0.023235
0.003709
0.000515
0.066497
0.022771
0.021681
0.000835
0.006979
0.000322
0.006810
0.005288
0.038026
0.015678
0.003357
0.003230
0.004300
0.002685
0.008361
0.043620
0.001637
0.005668
0.020950
0.010038
0.000900
0.008668
0.002199
0.002315
0.004323
0.010540
0.002332
0.003380
0.001619
0.009665
0.011304
0.002644
0.018701
0.008238
0.009196
0.000515
0.006547
0.017667
0.017079
0.001347
0.001637
0.000515
0.002390
0.002717
0.001284
0.031659
0.002967
0.098479
0.001997
0.000835
0.013997
0.003357
0.015709
0.036565
0.000445
0.030123
0.008073
0.004693
0.012227
0.001637
0.001980
0.018482
0.007540
0.008559
0.015941
0.003039
0.020805
0.006426
0.002983
0.000900
0.000445
0.018908
0.080381
0.034278
0.005647
0.005044
0.001997
0.007358
0.002447
0.006276
0.015910
0.022110
0.005872
0.002332
0.000445
0.000445
0.031897
0.033079
0.004693
0.000515
0.015740
0.008878
0.011428
0.039459
0.009444
0.003063
0.003412
0.000835
0.002390
0.059461
0.010349
0.010349
0.006211
0.026881
0.037417
0.001997
0.014409
0.022435
0.027651
0.011912
0.034377
0.002332
0.002660
0.000835
0.008334
0.020805
0.005937
0.012412
0.014830
0.010586
0.016124
0.077790
0.003871
0.000900
0.008607
0.002390
0.004603
0.043963
0.166224
0.047479
0.004977
0.061154
0.019049
0.016099
0.003380
0.003435
0.054928
0.010553
0.010678
0.000445
0.009852
0.007651
0.048078
0.001347
0.014141
0.009652
0.009712
0.019243
0.000515
0.191144
0.009101
0.018072
0.010815
0.017529
0.002257
0.011395
0.013791
0.006225
0.042859
0.004655
0.012438
0.020010
0.003095
0.014582
0.002332
0.008905
0.009725
0.009081
0.019683
0.013351
0.001471
0.003709
0.151688
0.014916
0.001637
0.005719
0.014904
0.018801
0.000090
0.006290
0.002717
0.011168
0.003380
0.030310
0.104229
0.001284
0.002390
0.003063
0.003686
0.000445
0.002332
0.002315
0.002390
0.004407
0.006526
0.011609
0.021181
0.000445
0.007127
0.015077
0.003380
0.009444
0.003380
0.008025
0.005937
0.006845
0.004954
0.010756
0.032649
0.027918
0.028330
0.010349
0.000445
0.097591
0.001997
0.005390
0.005132
0.001637
0.007976
0.000090
0.141303
0.083873
0.001997
0.003686
0.004693
0.002390
0.011350
0.000835
0.002390
0.008265
0.003063
0.001997
0.177770
0.097700
0.015206
0.001980
0.001997
0.011867
0.312054
0.090773
0.002373
0.000445
0.006161
0.010461
0.002315
0.001284
0.001284
0.001997
0.005683
0.002199
0.000090
0.001637
0.001284
0.002717
0.008926
0.003709
0.001997
0.004603
0.005821
0.001997
0.014278
0.194646
0.106762
0.030224
0.001980
0.001980
0.034231
0.005044
0.018144
0.013571
0.001997
0.000515
0.004353
0.018925
0.000090
0.005734
0.000090
0.001997
0.087445
0.040410
0.088268
0.016639
0.025547
0.006074
0.023196
0.061204
0.009525
0.006397
0.003063
0.001997
0.000835
0.002717
0.000835
0.055256
0.001347
0.001284
0.000835
0.015593
0.015280
0.009317
0.001558
0.000445
0.002332
0.006189
0.000445
0.015709
0.001980
0.017188
0.050841
0.000445
0.012482
0.006895
0.002530
0.002660
0.000090
0.000445
0.004353
0.001284
0.005596
0.001698
0.012889
0.013111
0.000445
0.004018
0.001284
0.003709
0.001980
0.009511
0.003709
0.001637
0.004071
0.002717
0.002332
0.000090
0.009712
0.000445
0.002831
0.001347
0.128980
0.000721
0.000721
0.006497
0.001347
0.008634
0.008620
0.003887
0.000445
0.078956
0.021140
0.000445
0.003709
0.202973
0.054452
0.003709
0.001997
0.001284
0.001284
0.006225
0.001997
0.003380
0.003380
0.001997
0.000445
0.001284
0.001284
0.003709
0.002717
0.005044
0.002390
0.002199
0.000445
0.001284
0.017416
0.019061
0.033450
0.026298
0.003435
0.003435
0.001284
0.001284
0.000445
0.052638
0.001558
0.001284
0.002717
0.002717
0.000445
0.002390
0.001997
0.000445
0.000445
0.001997
0.001997
0.002332
0.001997
0.000445
0.001997
0.000090
0.000445
0.000445
0.001997
0.000445
0.001284
0.001284
0.000515
0.003686
0.001637
0.003435
0.003763
0.002039
0.001741
0.001284
0.000445
0.005044
0.006576
0.004194
0.001347
0.000585
0.000090
0.008038
0.003709
0.050133
0.002332
0.006276
0.006576
0.007783
0.001997
0.001637
0.000445
0.000445
0.000445
0.000090
0.000170
0.000835
0.001997
0.000835
0.001409
0.000445
0.001997
0.001997
0.001284
0.001284
0.000445
0.001284
0.005251
0.034574
0.001347
0.001347
0.004071
0.000445
0.001284
0.001284
0.008059
0.008059
0.002390
0.001284
0.001284
0.001284
0.001284
0.001284
0.001284
0.001284
0.001284
0.001284
0.001284
0.001284
0.001284
0.006240
0.001284
0.001284
0.001284
0.001284
0.001284
0.001284
0.000445
0.011654
0.005478
0.003709
0.002660
0.001997
0.002056
0.001997
0.008361
0.012201
0.001347
0.004482
0.003063
0.000445
0.020446
0.005937
0.000445
0.000090
0.002390
0.000445
0.001980
0.074305
0.000445
0.001284
0.004163
0.001637
0.001637
0.006993
0.014929
0.070852
