5,8.0
6,5.0
7,0.02
8,25.0
9,0.02
10,0.304
13,0.76
14,0.02
15,5.0
16,1.0
22,0.005739795918367347
23,1.0
24,0.02
25,0.16
26,0.006377551020408163
28,0.0024489795918367346
29,0.02
30,0.02
32,0.02
33,1.0
35,0.2
36,0.02
37,0.5
39,0.02
40,0.02
41,1.5
42,6.85
43,0.8
44,0.192
45,0.0012755102040816326
46,0.02
47,0.22
48,50.0
49,0.02
50,0.5
51,10.0
52,5.0
53,1.0
54,2.0
55,5.9
56,0.5
58,0.37
59,0.02
60,30.833333333333332
61,0.1
62,0.07
64,0.5
65,2.5
68,5.0
69,1.91
70,5.0
71,0.02
72,7.5
73,0.003826530612244898
76,0.6
79,0.02
81,3.5
84,0.3
85,0.5
87,5.0
88,0.4
90,0.02
91,0.02
92,20.5
94,2.5
95,1.4835714285714285
96,0.33
97,0.5
99,2.7
100,0.455
101,0.5633333333333334
102,3.5
104,4.3
107,2.5
108,0.02
110,0.8200000000000001
111,0.22
112,1.581
113,0.02
114,0.02
116,25.0
117,24.046153846153842
118,0.022000000000000002
119,0.085
122,0.5
123,0.02
124,0.1028
125,0.003826530612244898
127,0.02
128,0.02
130,47.5
131,1.1
132,5.0
134,0.266
135,0.0018877551020408164
136,2.6666666666666665
137,0.24
138,9.0
139,0.02
141,0.16
142,0.1
143,0.5
145,25.0
146,182.00000000000003
150,2.0
154,17.5
156,0.02
157,1.0
158,77.0
159,0.02
160,50.0
162,0.02
163,0.02
165,0.02
166,20.163636363636364
167,0.006377551020408163
171,8.1
173,0.02
175,0.6944
177,1.0
178,0.6
179,0.35
180,2.0
181,6.6
183,1.5
184,0.003826530612244898
185,0.32
186,21.05
188,0.02
189,1.0
190,5.76
191,5.0
192,1.5
193,0.002551020408163265
195,5.0
198,0.02
199,0.5
200,0.36560000000000004
201,0.475
204,0.088
205,1.0
207,1.075
212,6.05
213,1.5
214,14.0
216,1.06
217,2.1
218,2.8
219,0.3
220,0.003826530612244898
221,6.056666666666666
223,0.15
224,1.0292
225,0.1
226,0.001913265306122449
227,0.02
230,0.02
231,0.02
232,20.0
233,10.0
235,0.032
236,0.02
237,0.003826530612244898
239,0.02
242,0.85
243,5.0
244,44.0
245,0.27899999999999997
246,0.02
247,20.0
250,0.6509999999999999
251,5.0
255,0.5
256,1.9
257,0.02
258,0.44999999999999996
261,0.3
262,10.076666666666666
263,2.32
266,0.02
267,2.0125
268,0.315
269,5.37
270,3.0
272,0.5
273,12.5
274,0.02
276,5.0
277,0.2
280,5.0
281,0.7376
282,3.0
284,6.52
285,12.5
287,5.0
288,25.0
289,0.17600000000000002
290,0.05
291,0.0016581632653061224
293,41.0
294,40.0
296,1.0
298,0.1
301,5.0
302,0.002551020408163265
303,0.572
304,0.656
305,0.02
308,2.0
312,0.48
313,0.8700000000000001
315,0.02
317,0.002551020408163265
319,1.3
320,0.02
321,1.8125
324,12.575
325,0.05
326,0.1
327,0.33
328,0.5
329,0.1
331,0.05
332,0.02
333,0.02
335,0.15
337,0.05
340,37.0
342,80.546
343,0.002551020408163265
347,0.02
349,0.02
351,0.0012755102040816326
352,0.264
353,0.165
355,0.8033333333333333
356,0.08249999999999999
358,2.5
360,1.0
361,0.4953
364,0.16
365,3.0
370,5.0
371,0.02
373,0.0031887755102040817
375,0.2
377,1.1
379,0.5
380,0.08
381,0.02
382,0.02
385,0.2
388,1.6
389,1.5
391,25.0
392,0.132
393,2.5
394,1.65
396,1.0
397,23.049999999999997
399,2.7
400,10.0
407,0.15000000000000002
412,10.0
414,2.0
415,0.02
416,0.5
418,10.0
422,1.0166666666666666
424,0.0035714285714285713
425,0.02
428,3.9
429,3.3
441,0.5
442,26.1875
446,0.02
447,1.795
448,7.7
449,0.5
450,5.0
452,0.003826530612244898
455,0.02
457,0.002551020408163265
461,16.6
464,0.5
466,0.02
467,25.0
469,5.116666666666666
470,0.406
474,0.1832
475,0.47
477,0.02
478,3.75
480,1.2666666666666666
481,6.3
482,0.02
486,0.02
487,1.0
494,0.02
500,0.003775510204081633
501,0.3
502,0.02
503,0.5
506,2.0
507,0.1
508,0.02
509,0.5
510,0.5
511,0.5
512,0.1
513,11.0
514,0.5
517,0.5
518,0.02
519,10.0
520,8.567499999999999
521,6.0
523,0.002551020408163265
524,6.0
525,0.003826530612244898
526,0.009183673469387756
528,0.18666666666666668
530,0.006377551020408163
531,0.16
533,3.37
534,0.2
535,61.5
536,36.2625
538,0.15
541,1.7999999999999998
542,5.0
543,6.45
544,43.0
545,37.0
547,25.0
548,37.0
549,14.40967741935484
550,0.8033333333333333
552,17.5
553,5.9
557,25.0
558,15.0
559,0.02
560,0.02
561,0.02
562,0.55
564,0.02
565,0.08293333333333335
567,25.0
569,10.0
570,1.1660000000000001
572,0.0022831632653061225
574,0.02
575,0.002551020408163265
576,0.02
579,11.9
580,5.05
581,0.9324999999999999
582,27.6
583,1.8837999999999997
584,0.01
585,0.02
586,7.770186666666666
587,0.002614795918367347
589,7.77
590,0.61
596,0.2
597,0.45
599,0.33
600,0.02
602,1.0
603,100.0
606,3.0425
607,0.2
609,13.0
610,0.395
611,0.678
614,1.0
615,0.02
616,1.0
618,15.0
622,0.02
626,2.75
627,0.0025
628,2.1149999999999998
629,0.02
631,25.0
633,0.3
634,0.5
635,11.0
636,23.493333333333336
637,1.74
640,9.75
641,1.5
642,0.14
643,0.006377551020408163
644,5.0
646,1.0
647,2.1833333333333336
648,25.0
649,0.00510204081632653
650,0.02
652,3.3
653,2.075
654,5.0
655,0.2
657,3.4130999999999996
658,5.0
659,0.02
660,22.142857142857142
661,0.46499999999999997
662,0.00510204081632653
664,1.0
666,8.06
667,0.5
668,5.0
672,0.02
673,3.0
674,0.02
675,1.3792
676,0.4333333333333333
677,0.02
678,0.25
679,0.02
681,0.5533333333333333
682,0.24333333333333332
683,5.26
684,0.5366666666666666
685,4.2
699,0.02
700,10.5
701,25.0
702,0.3
703,25.465
704,13.741
705,7.0
707,22.0
708,0.02
709,0.02
710,0.16
712,0.02
713,0.02
715,0.02
716,9.4375
718,5.0
721,0.02
722,0.16
724,0.02
726,0.07
727,4.37375
728,0.52
729,30.0
730,39.6
732,7.166666666666667
733,5.0
738,5.25
739,5.0
740,0.005
742,0.0128
744,0.02
745,0.0256
746,1.0
747,2.66
750,3.3
752,0.10880000000000001
754,0.40879999999999994
756,0.848
757,0.002295918367346939
758,2.5
759,20.0
760,0.02
761,4.15
763,0.13
765,0.02
766,5.0
767,2.594
770,0.26
773,0.1
774,16.65833333333333
778,5.0
780,5.8999999999999995
781,2.856521739130433
782,0.5
783,5.0
785,0.02
790,0.96
791,26.7
792,5.0
794,5.0
795,5.0
796,0.5
797,25.0
798,0.02
800,0.02
801,42.0
803,3.85
805,1.05
806,0.02
808,0.02
809,3.5666666666666664
810,16.679310344827584
811,0.28
812,0.02
813,0.75
816,8.25
818,1.1066666666666667
819,4.0
820,4.0
821,5.0
822,37.5
823,37.5
824,3.0
826,1000.0
827,13.0
828,2.75
829,5.6425
832,0.02
833,0.0012755102040816326
834,0.02
838,0.0038775510204081634
839,1.952
840,0.009311224489795919
842,4.601
844,0.02
846,25.0
847,0.002551020408163265
848,0.5
851,0.02
853,25.0
854,3.7
857,0.5
858,39.06153846153846
859,0.02
860,3.88
861,3.5
863,3.407777777777778
868,0.02
869,0.02
870,25.0
871,0.0006377551020408163
873,13.3875
877,35.0
881,25.0
884,0.4
886,5.0
887,1.0
888,2.35
889,2.7
892,2.7433333333333336
893,0.032
894,5.0
895,0.02
897,0.02
898,0.02
899,0.265
900,6.720909090909092
901,0.02
902,1.0
903,12.5
904,1.7280000000000002
905,2.02
906,0.18600000000000003
908,32.5
909,2.028
910,2.3
913,5.0
916,0.02
920,0.02
921,0.02
922,0.02
926,3.2
927,0.02
929,0.02
930,8.0
931,0.02
932,0.44799999999999995
935,0.02
939,0.02
943,0.02
945,0.05
949,0.02
950,0.0010204081632653062
955,0.02
957,0.02
958,0.02
959,0.02
963,5.0
965,0.02
966,0.02
968,0.02
969,0.02
970,0.02
971,0.02
973,0.02
974,0.005076530612244898
976,5.133333333333334
977,0.02
978,0.02
980,5.0
981,0.02
989,0.02
990,0.02
991,0.02
994,0.02
998,0.02
999,0.02
1000,0.02
1001,0.0014668367346938776
1003,0.02
1005,0.02
1006,0.02
1008,0.02
1010,0.02
1014,0.02
1020,5.0
1021,0.02
1023,0.02
1027,0.02
1028,0.02
1031,0.02
1035,0.02
1037,12.09
1040,0.02
1041,23.133333333333336
1046,0.02
1048,0.5
1051,0.02
1052,0.02
1059,0.002551020408163265
1062,0.02
1063,0.002551020408163265
1064,0.02
1065,0.02
1067,0.02
1068,0.02
1069,0.02
1070,11.92
1074,0.02
1078,0.02
1094,0.02
1101,0.02
1104,0.02
1106,0.02
1110,0.02
1112,0.02
1113,0.02
1114,25.0
1116,0.02
1117,0.02
1118,0.02
1120,0.02
1121,0.02
1122,0.02
1123,0.02
1125,0.02
1126,0.02
1129,0.02
1130,0.02
1131,0.02
1133,0.02
1134,0.02
1135,0.02
1143,0.688
1144,0.02
1145,0.02
1149,0.02
1150,0.02
1159,0.5
1171,0.02
1172,3.3
1177,3.0
1179,0.02
1182,0.02
1183,1.2635
1184,0.02
1185,0.02
1186,0.02
1187,0.02
1188,0.02
1190,0.02
1192,0.02
1193,0.02
1195,0.02
1198,0.8
1199,25.0
1200,0.02
1201,2.1771428571428575
1203,8.142857142857142
1209,5.0
1214,0.143
1215,0.4
1217,0.02
1221,0.0012755102040816326
1225,0.02
1226,0.02
1227,0.02
1228,0.02
1229,0.02
1231,0.02
1234,0.02
1236,0.02
1237,0.02
1240,0.02
1241,0.02
1243,8.833333333333334
1246,0.02
1247,50.01
1252,0.02
1253,0.02
1259,0.02
1261,0.02
1262,0.02
1263,0.02
1264,0.02
1267,0.02
1270,0.02
1272,0.02
1275,0.02
1276,0.02
1277,0.02
1278,0.02
1292,0.02
1293,0.0012755102040816326
1295,0.02
1296,0.02
1297,0.02
1299,0.02
1300,0.002551020408163265
1302,0.865
1304,1.0528
1305,0.02
1306,50.0
1307,0.02
1308,0.11
1310,0.0012755102040816326
1313,0.02
1314,0.02
1318,0.02
1319,0.02
1321,0.02
1323,0.02
1325,0.02
1326,0.02
1327,0.02
1328,0.003826530612244898
1329,3.2
1330,30.0
1331,94.0
1332,5.0
1333,0.5
1335,0.02
1336,0.02
1338,0.02
1340,0.12
1342,0.02
1345,0.02
1349,0.02
1350,0.02
1352,0.02
1354,0.02
1355,0.02
1358,0.02
1359,0.0020408163265306124
1361,0.0003061224489795918
1366,0.02
1368,0.02
1369,0.02
1373,0.02
1375,0.02
1377,0.0010204081632653062
1380,0.02
1381,0.02
1383,0.02
1387,0.02
1388,0.02
1389,0.02
1390,0.02
1393,0.02
1394,0.02
1397,0.02
1401,0.02
1406,0.02
1412,0.02
1414,0.02
1415,0.02
1416,0.012755102040816327
1422,0.02
1423,0.02
1425,0.02
1426,0.02
1427,0.02
1428,0.02
1433,0.02
1435,0.02
1436,0.02
1437,0.02
1438,0.02
1439,0.02
1440,0.02
1441,0.02
1442,0.02
1443,0.02
1444,0.02
1446,0.02
1447,0.02
1448,0.02
1449,0.02
1450,0.02
1452,0.1
1453,0.02
1454,0.02
1456,0.02
1457,4.946526315789474
1458,0.02
1459,0.02
1461,0.744
1465,0.02
1466,0.02
1467,0.003826530612244898
1471,0.02
1473,0.02
1475,0.002295918367346939
1478,5.0
1479,0.02
1484,0.02
1485,0.02
1486,0.396
1487,0.02
1488,0.02
1489,82.37333333333332
1490,0.02
1493,0.02
1495,0.02
1496,0.02
1497,0.02
1501,0.75
1506,0.02
1507,0.02
1508,0.02
1509,0.02
1512,0.02
1513,0.02
1514,0.02
1515,0.02
1516,0.02
1517,0.02
1519,0.02
1521,0.02
1522,0.02
1524,0.02
1525,0.02
1527,0.02
1528,0.02
1529,0.02
1531,6.62
1532,0.02
1533,0.02
1538,0.02
1540,0.002551020408163265
1541,0.02
1545,0.02
1546,110.0
1547,0.02
1548,0.02
1551,0.02
1552,1.0
1553,0.02
1555,0.02
1556,0.003826530612244898
1562,0.02
1563,0.02
1566,0.02
1568,0.02
1570,0.02
1571,0.02
1572,1.0292999999999999
1573,0.02
1574,0.02
1576,0.5
1578,0.00026785714285714287
1580,0.02
1590,0.001913265306122449
1596,0.02
1598,5.0
1600,2.3249999999999997
1606,2.4
1617,0.02
1620,0.02
1621,0.02
1627,0.02
1642,0.02
1646,20.8
1647,0.02
1652,0.03188775510204082
1655,0.02
1656,27.266666666666666
1657,0.02
1658,0.02
1659,0.02
1660,0.02
1661,0.02
1662,0.02
1667,0.02
1670,0.02
1679,0.2
1681,0.02
1682,0.02
1692,0.02
1698,0.02
1699,0.02
1706,0.02
1708,0.0028826530612244897
1711,0.02
1715,0.02
1723,0.02
1738,0.02
1742,0.02
1745,0.02
1747,0.02
1752,0.02
1757,0.02
1762,0.156
1764,0.02
1765,0.02
1766,0.02
1768,0.02
1770,0.02
1775,0.1
1777,0.02
1778,0.02
1780,0.02
1782,0.02
1784,0.02
1786,0.02
1787,0.02
1788,0.02
1790,0.02
1791,0.02
1794,0.02
1795,0.02
1798,0.02
1799,0.02
1802,0.02
1803,0.02
1806,0.02
1807,0.00025510204081632655
1808,0.02
1809,0.02
1810,0.02
1811,0.02
1816,0.02
1818,0.02
1822,1.0
1824,0.02
1825,0.02
1826,0.02
1827,0.02
1830,0.02
1832,0.02
1836,0.02
1837,0.02
1842,0.02
1848,0.6523529411764706
1852,0.02
1855,0.02
1856,0.02
1858,0.02
1861,0.02
1865,0.02
1866,17.37142857142857
1867,0.02
1872,2.5
1873,0.02
1875,0.02
1876,0.02
1879,0.02
1880,1.25
1882,0.02
1883,0.02
1884,0.02
1885,0.02
1891,0.02
1892,0.02
1895,0.02
1896,5.0
1897,0.02
1900,0.16
1901,0.02
1902,0.02
1906,0.42788571428571426
1908,0.02
1915,1000.0
1917,0.01020408163265306
1923,0.02
1927,0.02
1928,5.0
1929,0.0012755102040816326
1930,3.0
1933,0.02
1934,0.15000000000000002
1935,0.02
1937,0.02
1941,5.0
1943,0.02
1945,1280.0
1946,0.02
1948,0.02
1949,0.012755102040816327
1951,0.02
1952,0.02
1954,0.02
1955,0.02
1957,0.02
1959,0.1
1962,0.02
1964,0.02
1968,0.02
1969,0.02
1970,0.02
1972,0.02
1973,0.02
1974,0.02
1979,0.02
1980,0.002551020408163265
1986,0.002551020408163265
1988,0.02
1993,0.02
1995,0.02
1997,0.02
2001,0.02
2003,0.02
2004,1.2
2006,0.02
2007,0.02
2008,0.02
2010,0.02
2013,0.02
2014,37.69230769230769
2015,0.02
2016,0.02
2017,5.0
2019,5.0
2021,0.02
2023,5.0
2025,0.02
2027,0.02
2028,0.02
2030,0.1
2031,0.02
2032,12.997777777777777
2035,0.02
2036,0.02
2038,172.5
2040,0.02
2045,0.02
2047,0.02
2048,0.02
2050,0.02
2052,0.0504
2053,0.02
2057,0.02
2058,0.02
2059,0.7000000000000001
2062,0.02
2063,0.02
2064,0.02
2065,0.02
2066,0.02
2067,0.02
2069,0.02
2070,5.0
2072,0.02
2073,29.316666666666666
2074,0.02
2075,0.02
2077,0.02
2078,0.02
2083,0.02
2084,0.02
2085,0.02
2086,1.2
2088,0.002551020408163265
2089,0.02
2090,0.02
2091,0.02
2092,0.02
2095,0.02
2097,0.02
2101,0.02
2102,0.02
2103,13.5
2104,0.02
2107,0.02
2108,0.5760000000000001
2109,0.02
2110,0.02
2111,0.02
2114,0.02
2115,0.02
2116,4.2
2117,0.02
2118,0.02
2119,0.02
2123,0.02
2130,4.15
2131,0.1504
2132,166.66
2134,1.0
2135,0.02
2136,0.02
2137,23.5
2138,5.0
2139,0.02
2140,3.0
2141,0.02
2143,0.02
2145,0.02
2150,0.02
2152,0.272
2153,0.02
2155,0.02
2157,5.0
2158,0.02
2162,16.482666666666667
2163,0.02
2165,0.14400000000000002
2167,0.02
2169,0.02
2170,0.02
2172,0.02
2176,0.02
2177,0.8
2180,0.02
2181,0.02
2182,1.7
2183,0.02
2184,0.02
2185,8.44
2186,0.02
2189,0.02
2196,0.02
2198,0.02
2201,0.02
2202,0.02
2204,0.02
2206,0.02
2209,100.0
2211,0.02
2213,0.02
2215,0.02
2218,0.02
2220,0.02
2221,0.02
2222,0.02
2224,0.02
2229,0.02
2230,0.02
2232,0.02
2233,0.02
2234,0.02
2235,0.02
2237,0.002295918367346939
2238,0.02
2239,0.02
2241,0.002933673469387755
2246,0.02
2248,1.8
2249,0.02
2250,0.02
2251,0.02
2252,0.02
2253,0.02
2254,0.02
2255,0.02
2256,0.02
2261,0.02
2266,0.02
2268,0.02
2269,0.02
2271,0.02
2272,0.02
2273,0.02
2274,0.02
2278,0.02
2282,0.02
2290,0.02
2299,0.048
2301,0.02
2306,0.02
2307,0.02
2308,0.24
2309,0.012755102040816327
2310,0.02
2314,5.0
2315,0.04000000000000001
2316,0.02
2318,0.02
2319,0.02
2321,0.02
2322,3.1
2324,0.02
2326,0.02
2328,0.02
2329,0.02
2330,0.003826530612244898
2332,0.0020918367346938775
2333,0.02
2337,2.5
2339,0.02
2340,0.02
2342,0.02
2343,0.001530612244897959
2345,2.0
2347,0.02
2351,0.02
2353,0.02
2363,0.02
2368,25.0
2369,0.275
2370,0.02
2371,0.02
2375,0.02
2378,0.02
2379,0.02
2382,15.0
2386,0.02
2390,0.02
2391,0.02
2394,0.02
2396,0.02
2398,2.0
2399,0.02
2400,0.02
2404,0.02
2405,0.02
2406,0.02
2407,0.02
2408,0.02
2409,0.02
2410,0.02
2412,0.02
2414,0.0012755102040816326
2415,12.5
2427,0.02
2432,0.02
2435,0.02
2437,0.02
2439,0.02
2440,5.0
2442,0.05
2443,9.0
2444,1.193142857142857
2451,0.02
2457,0.02
2459,0.02
2460,0.02
2461,0.02
2462,0.02
2463,0.02
2464,0.02
2467,25.0
2470,0.02
2471,0.02
2473,0.0011479591836734695
2475,0.02
2476,0.02
2478,0.02
2481,1.25
2482,0.02
2484,0.02
2485,0.09
2487,0.02
2489,0.02
2491,0.02
2492,0.02
2495,61.45
2496,0.02
2497,0.02
2499,0.02
2501,0.02
2502,0.02
2504,0.02
2510,0.002589285714285714
2511,0.02
2512,10.0
2513,0.02
2515,0.02
2516,0.02
2519,0.02
2521,0.02
2522,0.02
2523,0.02
2524,0.010331632653061225
2526,0.02
2528,0.02
2533,0.02
2536,0.02
2538,0.02
2542,3.303825
2547,0.02
2551,0.02
2554,0.02
2556,0.02
2557,0.02
2558,0.02
2560,0.02
2561,0.02
2563,0.02
2564,0.02
2565,0.02
2570,0.02
2571,0.02
2572,0.02
2573,2.278
2574,0.02
2575,0.02
2576,27.0
2578,5.0
2579,0.02
2584,5.0
2588,0.02
2589,0.02
2590,0.02
2591,0.6231
2597,0.02
2598,0.02
2608,0.02
2613,0.02
2614,3.6
2616,0.002551020408163265
2617,0.02
2623,0.02
2631,0.02
2632,0.02
2635,0.02
2636,0.02
2637,0.001913265306122449
2643,0.02
2645,0.02
2646,0.02
2653,0.02
2655,0.02
2658,0.02
2662,0.02
2663,0.02
2666,0.02
2668,0.02
2669,0.02
2670,0.02
2671,0.02
2672,0.02
2673,0.02
2674,0.02
2680,0.02
2686,0.1
2690,0.02
2697,0.02
2698,0.02
2699,0.02
2701,0.02
2703,0.02
2704,0.0012755102040816326
2707,0.02
2709,0.02
2710,0.003099489795918367
2713,0.02
2714,0.02
2715,0.02
2717,0.02
2718,0.02
2719,0.02
2720,0.02
2721,0.02
2722,0.02
2723,0.02
2724,0.02
2725,0.02
2728,0.02
2729,0.02
2730,0.02
2733,0.02
2736,0.02
2737,0.02
2741,0.02
2743,0.02
2746,0.02
2749,0.5
2750,0.14800000000000002
2751,0.02
2752,0.02
2753,0.02
2754,0.02
2755,0.02
2756,0.02
2759,0.02
2760,0.02
2763,0.02
2764,35.0
2767,0.02
2769,0.02
2770,0.08499999999999999
2771,0.02
2772,0.02
2773,0.02
2777,0.02
2779,0.02
2780,0.02
2781,10.0
2783,0.02
2785,0.02
2786,0.02
2788,0.05
2789,0.02
2790,0.02
2791,0.02
2793,0.02
2795,0.02
2796,0.0026020408163265306
2798,0.02
2801,0.02
2802,0.02
2804,0.02
2805,0.02
2806,0.02
2808,0.02
2812,0.02
2815,0.02
2818,0.02
2819,0.02
2820,0.02
2821,0.02
2822,0.26
2824,0.02
2825,0.02
2826,0.02
2828,25.0
2831,0.02
2832,0.02
2833,0.02
2834,0.02
2835,0.02
2838,0.02
2839,0.02
2840,0.02
2847,0.02
2848,0.02
2849,0.02
2850,0.02
2854,0.02
2855,0.02
2863,0.02
2865,0.02
2866,0.02
2867,0.02
2868,0.02
2869,0.4
2871,0.02
2872,0.02
2874,0.02
2876,0.02
2878,0.02
2880,0.02
2881,0.02
2882,0.02
2885,0.02
2886,0.02
2888,0.02
2890,0.02
2891,0.02
2892,0.02
2896,0.5
2897,0.5
2898,0.02
2900,0.02
2901,25.0
2902,2.3000000000000003
2903,54.64
2905,0.33
2907,0.02
2908,0.0031887755102040817
2909,0.00510204081632653
2911,5.0
2912,0.02
2916,0.02
2917,0.02
2919,0.02
2920,0.02
2921,0.02
2924,1.0
2926,0.02
2928,0.02
2929,38.5
2930,0.006377551020408163
2932,4.767142857142857
2934,0.02
2935,0.02
2940,0.696
2941,0.02
2946,0.02
2947,0.02
2950,0.02
2951,0.02
2952,0.02
2953,0.02
2956,0.02
2957,0.02
2958,0.02
2959,0.02
2962,0.02
2963,0.02
2965,50.70000000000001
2968,0.02
2970,1.6999999999999997
2971,0.02
2972,0.02
2975,0.02
2976,0.02
2980,0.02
2983,0.02
2985,0.02
2987,0.02
2988,0.02
2990,0.02
2994,0.02
2995,0.02
2997,0.02
2999,0.02
3000,0.02
3002,26.5
3003,0.02
3004,0.3
3005,0.02
3006,1.29735
3008,0.04000000000000001
3010,0.02
3011,0.02
3015,0.02
3016,0.02
3018,0.02
3019,0.02
3020,50.0
3021,0.02
3023,0.02
3026,0.02
3027,5.0
3032,0.02
3034,0.02
3035,0.02
3038,0.02
3041,0.02
3042,0.02
3044,0.02
3047,0.02
3051,0.02
3052,0.02
3055,0.02
3063,0.02
3068,0.02
3071,0.08
3074,0.02
3077,0.02
3078,0.02
3079,0.02
3080,0.02
3082,0.02
3085,0.02
3086,0.02
3088,0.02
3097,0.02
3098,0.02
3099,1158.5500000000002
3101,0.02
3102,0.02
3103,0.001913265306122449
3104,0.02
3107,0.02
3109,25.0
3110,0.02
3111,0.02
3129,5.0
3130,0.02
3132,0.02
3133,0.02
3134,0.02
3137,0.02
3138,0.0016326530612244899
3144,0.02
3145,0.02
3148,10.0
3151,0.02
3152,0.02
3156,0.02
3157,1.6
3162,0.16
3163,0.02
3164,0.02
3165,1.4
3166,0.02
3167,0.02
3168,0.02
3169,0.01
3172,0.02
3173,0.02
3175,0.02
3177,0.02
3180,0.02
3184,0.02
3186,0.02
3189,25.0
3191,0.02
3193,13.3
3194,0.02
3196,0.02
3197,0.02
3198,0.24666666666666667
3199,0.02
3200,0.02
3201,0.02
3202,0.02
3203,0.02
3204,0.02
3205,5.0
3206,0.02
3207,0.02
3208,0.02
3210,0.02
3214,0.02
3216,0.02
3217,0.02
3218,0.02
3219,0.02
3220,0.02
3222,0.02
3224,0.02
3225,0.02
3226,0.02
3230,0.02
3231,0.02
3232,0.02
3233,0.02
3236,0.02
3237,0.02
3238,0.02
3239,0.02
3240,0.02
3241,0.02
3242,0.02
3246,0.02
3248,0.02
3253,0.0006377551020408163
3255,0.02
3258,0.02
3259,0.02
3261,0.006377551020408163
3262,0.02
3265,0.02
3266,0.02
3268,0.02
3269,0.004464285714285714
3270,0.02
3275,0.02
3280,7.188
3282,0.6231
3286,10.0
3287,5.0
3291,0.02
3292,0.02
3293,0.02
3294,0.02
3299,0.2878260869565218
3301,0.02
3303,5.44
3304,0.02
3306,2.2643999999999997
3307,0.5
3309,0.02
3310,0.02
3312,0.77
3316,0.02
3317,0.02
3318,26.333333333333332
3319,0.015
3320,0.08
3322,0.02
3326,0.02
3327,0.02
3328,0.02
3329,0.1
3338,0.02
3339,0.02
3341,0.02
3342,0.02
3343,33.0
3344,0.0012755102040816326
3346,0.02
3347,0.003826530612244898
3348,0.00510204081632653
3350,0.02
3351,0.02
3352,0.02
3353,0.02
3355,0.02
3361,0.02
3363,0.02
3365,0.02
3366,6.231
3368,0.02
3369,0.02
3374,0.02
3375,42.5
3376,1.26
3378,8.2
3380,12.75
3383,0.02
3384,0.688
3386,9.734545454545454
3387,0.02
3389,16.0
3392,2.0
3394,30.0
3398,7.35
3400,0.02
3403,0.02
3404,0.02
3405,0.02
3408,0.02
3409,0.02
3411,0.02
3412,0.02
3416,0.02
3417,0.02
3424,0.02
3426,25.0
3427,0.02
3429,0.02
3433,0.02
3437,37.5
3439,0.02
3440,3.9133333333333336
3447,0.02
3448,0.02
3449,1.0
3451,6.0
3452,0.635
3453,1.6666666666666667
3454,0.02
3455,0.02
3456,0.02
3459,0.02
3463,0.13
3464,0.02
3465,3.7
3466,0.02
3467,90.5
3469,0.02
3472,0.02
3473,0.02
3474,0.02
25980,0.02
26106,15.0
26137,0.02
26790,2.0
26791,0.5
26792,0.32
26793,3.5
28378,0.02
29072,0.5
29073,11.9
29207,5.0
29822,0.02
30391,5.0
30924,0.02
31043,0.02
31112,10.0
31150,0.02
31202,500.0
31824,0.1
31837,0.15
32960,0.1
33067,0.02
33069,0.528
33108,0.02
33110,0.02
33111,0.02
33208,30.0
33226,5.0
33276,5.0
33355,0.02
33364,0.047999999999999994
33402,0.5864999999999998
33445,0.02
33475,5.0
33543,0.33999999999999997
33572,0.02
33573,0.02
33574,0.02
34514,0.02
34515,0.9975
34516,0.02
34520,0.03
34526,0.006377551020408163
34527,0.02
34528,0.02
34533,110.0
34587,0.02
34592,0.02
35069,0.001913265306122449
35098,2.79
35107,0.02
35121,0.02
35122,20.0
35125,0.00510204081632653
35173,0.5
35664,0.02
35687,0.006377551020408163
35689,1.5
35701,0.02
35704,0.02
35705,0.02
35708,0.02
35710,0.0352
35807,0.8832
35808,1.85
35858,0.5
35909,0.75
36234,3.0
36236,0.1
36258,16.0
36355,0.02
36426,3.5999999999999996
36899,0.5
37042,0.02
37202,21.866666666666664
37553,0.09
37748,0.02
38874,0.02
39041,0.02
39044,5.0
39812,5.0
40366,0.02
42062,6.68
42642,0.006377551020408163
42665,0.02
42738,0.07
42775,0.02
43115,0.02
43393,0.35
44890,13.466666666666667
45358,0.46499999999999997
45448,0.38
45452,1.674
45453,2.75
46059,0.02
46348,0.02
46484,2.9499999999999997
46485,1.2
46486,2.456
46487,0.284
46488,0.65
46627,0.02
46724,6.0
48104,7.4
48162,0.9
48372,3.1
48377,0.002551020408163265
48431,0.0021683673469387755
48652,0.002551020408163265
48686,0.002551020408163265
48818,0.09
48918,0.02
49041,5.0
49042,14.5
49382,2.7
49827,0.02
50251,3.1
50809,0.02
50810,0.02
50811,0.02
50812,0.02
50814,0.02
50815,0.02
50817,0.02
50839,6.6
50918,2.7800000000000002
50944,0.02
50945,0.02
51083,0.01020408163265306
51188,0.02
51577,0.16
51608,0.003826530612244898
51636,0.02
51890,556.0
52022,0.02
52047,0.02
52054,0.02
52055,0.02
52056,0.02
52368,0.02
52416,3.5
52417,4.0
52427,0.125
52430,0.02
52503,0.001913265306122449
52530,0.02
52688,6.910000000000001
52759,6.3
52994,0.02
53035,1.0
53271,3.0968999999999998
53296,0.02
53347,0.02
53351,0.165
53540,0.02
53583,0.02
53693,0.02
53696,0.02
53697,0.02
53719,0.02
53721,0.02
54028,0.02
54057,3.5
54251,0.02
54370,16.0
54595,2.0
55595,0.02
55596,0.02
55654,0.02
55880,5.0
55881,0.011000000000000001
56044,25.0
56304,0.02
56305,0.02
56425,0.5
56970,0.3
57145,6.7
57196,0.02
57782,0.02
58017,5.0
59303,0.02
59306,0.02
59315,0.02
60015,3.7
60030,0.0066326530612244895
60032,3.21
60033,18.0
60039,16.67
60040,0.02
60041,0.7264
63259,8.0
63273,0.02
63275,0.693
63440,0.02
63442,0.02
63443,10.966666666666667
63446,0.02
63455,0.02
64280,50.0
64542,0.02
64741,0.05333333333333333
64742,0.08
64746,25.0
64747,1.6
64748,0.02
64749,25.0
64752,0.027500000000000004
64753,0.11
65250,1500.0
65282,0.02
65283,0.02
65285,0.02
65287,0.02
65288,0.02
65720,0.02
65743,0.02
65748,0.0012755102040816326
65753,17.5
65759,0.02
65798,0.02
66518,0.02
66529,29.8
66625,0.02
66627,20.0
66628,0.02
66629,0.02
66630,0.002551020408163265
66631,0.02
66633,0.02
66637,0.02
67036,0.02
67038,48.0
67039,0.02
67041,0.02
67043,1.0
67044,0.02
67045,0.02
67046,0.02
69063,0.02
69077,0.2
69078,7.949999999999999
69082,0.02
69083,0.02
69084,0.02
69085,0.02
69087,0.035
69088,0.02
69125,0.02
69126,0.02
69723,0.02
69735,0.02
69736,0.02
69737,0.02
69739,0.02
69744,0.02
70475,35.0
70476,47.857142857142854
70482,9.8
70567,2.1
70568,26.2
70573,12.0
70578,38.0
70587,20.0
70588,2.44
70589,13.0
70591,37.333333333333336
70592,0.02
70594,0.02
71211,2.071
71212,0.02
71267,0.02
71271,0.02
71274,0.02
71276,0.02
71277,0.18480000000000002
71278,0.02
71279,0.02
71289,0.02
71493,0.02
71517,0.02
71518,0.02
71526,0.02
71528,0.02
71529,37.5
73217,25.0
73223,0.02
73224,0.02
73229,0.02
73230,0.02
73245,0.02
73246,0.02
73256,0.006377551020408163
73271,0.02
73272,0.02
75233,0.019000000000000003
75325,0.02
75326,0.02
75327,0.02
75373,0.02
75374,0.02
75377,4.165
75378,0.02
75381,0.02
75382,0.0006377551020408163
75389,0.02
75391,0.02
75392,0.0007908163265306123
75496,0.02
75497,0.02
75563,0.002551020408163265
75564,5.0
75840,0.315
75857,0.02
77240,16.7
77258,0.0012755102040816326
77259,1.0
77260,0.01
77261,0.05
77292,0.02
77293,0.4
77295,0.02
77297,0.02
77298,0.02
77299,0.02
77300,0.02
77301,0.02
79076,0.02
79083,0.02
79084,0.02
79085,0.02
79086,1.0
79087,0.5
79091,0.02
79094,0.02
79095,0.02
79096,0.5
79098,0.6
79099,0.02
79102,0.02
79106,0.02
79107,0.02
79113,0.02
79118,0.02
79124,0.02
79126,3.8
79129,0.02
79133,0.02
79134,0.02
79135,0.02
79136,0.02
79139,6.5
79140,4.0
79141,0.02
79143,0.02
79147,0.02
79149,0.02
79154,0.02
79155,0.02
79156,0.02
79157,0.02
79168,0.6
79189,2.75
79230,0.02
79239,0.513
79241,5.0
79242,0.08
79255,0.002551020408163265
79256,0.02
79257,0.02
79258,0.21600000000000003
79259,0.001913265306122449
79263,0.1625
79264,0.748
79269,0.32
79270,0.2
79271,5.0
79273,0.5
79276,1.5163636363636364
79277,0.02
79278,1.2883333333333333
79279,0.02
79280,0.02
79281,0.02
79282,0.006377551020408163
79283,0.02
79284,0.02
79292,0.02
79293,0.02
79302,0.02
79304,5.0
79305,5.0
79306,5.0
79310,0.02
79312,0.005739795918367347
79314,0.02
79315,0.02
79318,1.8507500000000003
79319,0.02
79320,0.02
79321,0.02
79322,0.02
79323,0.02
79324,0.02
79325,0.02
79326,0.02
79327,0.02
79328,0.02
79329,0.02
79330,0.02
79332,0.02
79333,0.02
79347,0.02
79350,0.02
79351,0.02
79361,0.8533333333333334
79373,75.0
79394,0.4
79395,0.02
79396,0.02
79400,0.5
79401,0.02
79403,0.02
79404,0.5
79405,0.02
79406,0.02
79408,0.04733333333333334
79409,0.02
79410,0.02
79411,0.02
79430,0.15
79431,1.3
79432,2.55
79433,0.02
79434,1.3
79435,1.0
79447,0.02
79452,0.48
79456,0.02
79473,0.4
79476,0.02
79477,0.02
79478,0.02
79479,0.391
79481,1.001
79493,0.02
79499,0.02
79500,0.02
79501,2.235
79502,0.02
79503,0.02
79507,0.02
83311,2.4
83312,0.01020408163265306
83313,19.666666666666668
83317,3.75
83330,5.0
83418,2.0322
83419,0.61
83450,0.0017857142857142857
83452,262.0
83453,0.004846938775510204
83461,25.0
83463,25.0
83465,20.3
83467,0.02
83469,0.2
83472,0.02
83473,0.02
83476,0.92
83483,19.099999999999998
83484,3.8
83593,0.5
83594,0.1
83597,6.0
83600,0.02
83601,0.02
83616,0.02
83617,0.02
83619,0.02
83620,0.02
83628,0.02
83629,0.02
83639,0.02
83642,0.02
84064,0.02
84090,0.02
84093,0.02
84132,0.02
84142,0.02
85110,0.02
85112,0.02
85136,0.02
85138,11.933333333333332
85146,0.02
85162,0.02
85163,0.02
85164,0.02
85165,0.02
85167,0.02
85168,0.02
85172,0.02
85173,0.02
85174,0.02
85175,0.02
85179,0.02
85184,0.02
85186,0.02
85191,0.02
85192,0.02
85194,0.02
85197,0.02
85198,0.02
85199,0.02
85201,0.02
85202,0.02
85203,0.02
85212,0.02
85273,0.02
85274,0.02
85276,0.02
85277,0.02
85278,0.02
85279,0.02
85280,0.02
85282,0.02
85283,0.02
85284,0.02
85285,0.02
85286,0.02
85287,0.02
85288,0.02
85290,0.02
85292,0.02
85293,0.02
85295,0.02
85297,0.02
85317,0.02
85319,0.02
85320,0.02
85321,0.02
85322,0.02
85323,0.02
85324,0.02
85325,0.02
85326,0.02
85327,0.02
85329,0.02
85332,0.02
85334,0.02
85335,0.02
85336,0.02
85338,0.02
85408,8.0
85410,20.5
85414,3.1
85435,4.2
85436,4.2
85438,5.7
85442,0.02
85443,40.0
85446,4.5
85447,38.86
85448,0.006058673469387755
85453,0.02
85458,0.02
86309,0.02
86788,0.02
86789,0.02
86797,0.02
86812,0.02
86813,0.02
86814,2.8
86816,0.02
86817,0.02
86818,0.02
86820,50.0
86821,0.02
86822,0.02
86829,0.2
86834,0.1
86836,0.2
86839,1.5
86841,0.2
86843,0.6
86845,0.2
86846,0.2
86850,0.2
86852,0.5
86854,0.5
86855,10.200000000000001
86864,0.2
86867,1.0
86870,12.0
86872,4.0
86875,3.0
86879,22.5
86880,0.5555
86882,0.3
86886,0.5
86893,1.2
86896,0.2
86900,0.2
86902,0.2
86909,0.02
86914,0.02
86915,0.02
86918,0.02
86919,0.02
86920,0.02
87503,1.0
87876,0.02
88618,0.02
88619,0.02
88620,0.02
88621,0.02
88628,0.02
88629,4.8
88630,0.02
88635,0.02
88637,0.02
88639,0.02
88642,0.02
88643,0.02
88644,0.02
88659,0.02
88661,79.7
88673,15.0
88917,5.0
88924,0.02
89838,0.02
89843,0.012755102040816327
89936,1.6966666666666665
89937,0.02
90001,0.02
90003,0.0017857142857142857
90023,0.02
90024,0.02
90026,11.0
90030,0.02
90031,0.02
90033,5.0
90035,0.5
90036,0.02
90037,0.02
90038,21.0
90045,0.02
90050,25.0
90051,32.0
90052,7.0
90053,0.65
90056,37.8
90058,32.0
90059,40.0
90060,1.0
90061,18.0
90062,20.0
90064,16.0
90065,10.0
90066,50.0
90068,1.0
90069,0.02
90073,2.0
90076,10.0
90080,22.0
90081,20.0
90103,0.02
90117,0.001530612244897959
90280,0.02
90281,33.8
90283,0.0031887755102040817
90289,5.0
90291,19.243000000000002
90301,0.02
90308,0.007
90340,0.02
90342,0.02
90348,0.02
90349,0.02
90350,0.02
90354,0.02
90390,0.02
90398,0.02
90399,0.02
90400,0.02
90646,0.02
90647,0.3
90652,0.02
90791,0.02
90793,0.1
90794,7.0
90795,0.47
90796,0.02
90970,0.5
91127,18.0
91130,0.02
91131,0.02
91132,0.02
91135,0.02
91136,0.02
91137,0.02
91138,1.0
91347,0.28
91349,69.02000000000001
91378,2.25
91385,0.11
91387,0.02
91396,0.02
91397,0.02
91481,0.02
91494,0.02
91496,0.02
91498,0.02
91546,219.0
92050,0.08
93100,46.5
93108,6.96
93109,0.02
93110,2.0
93114,0.02
93172,25.0
93256,5.0
93262,0.016
93267,0.02
93269,0.02
93271,0.52
93279,0.02
93282,0.02
93283,0.02
93284,0.5
93302,0.02
93311,0.02
93314,0.02
93315,0.02
93316,0.02
93317,0.02
93320,0.5
93321,5.0
93322,0.016
93323,2.0
93329,0.02
93333,0.02
93334,14.600999999999999
93335,40.455
93337,0.02
93346,0.02
93347,0.02
93351,0.02
93352,0.02
93356,0.02
93357,0.02
93358,0.02
93359,0.02
93360,0.02
93372,5.5
93382,0.02
93383,0.02
93396,0.02
93397,0.02
93398,0.02
93402,25.0
93405,0.02
93406,0.02
93409,0.02
93473,0.5866666666666667
93476,0.5
93561,0.02
93571,0.25
93583,0.02
93585,5.0
93598,0.19666666666666666
93599,0.02
93600,0.02
93606,0.02
93610,0.02
93616,0.1
93672,18.486666666666665
93685,50.0
93890,3.3
93921,0.5800000000000001
93924,5.0
93925,5.0
93926,5.0
93928,5.0
93929,0.5
93930,5.0
93940,0.02
93941,0.02
93946,0.02
93947,0.02
93952,0.02
93953,0.02
93976,0.02
94056,0.02
94058,24.4
94059,35.0
94063,0.02
94064,0.02
94065,0.02
94066,0.02
94068,0.16
94083,0.02
94087,0.02
94091,0.12
94095,0.02
94124,0.02
94147,0.5
95157,25.0
95159,0.02
95161,5.0
95428,0.02
95429,0.02
95432,7.0
95433,0.02
95434,0.02
95455,1.9
95699,0.12
95700,0.02
95706,18.599999999999998
95711,21.3
95712,14.3
95713,3.5
95715,1.0
95716,4.0
95719,25.0
95720,3.5
96055,0.02
96078,0.02
96092,0.02
96095,0.02
96102,0.02
96121,0.0020790816326530614
96125,0.02
96147,0.02
96148,0.02
96170,0.004464285714285714
96171,0.02
96172,0.02
96173,0.02
96175,0.02
96176,0.2752
96177,0.02
96178,0.02
96181,0.02
96184,0.02
96186,0.02
96187,0.02
96188,0.02
96192,0.02
96253,4.0
96263,5.0
96334,0.02
96369,59.2325
97214,0.35
97229,0.02
97230,3.1
97232,0.02
97234,0.02
97239,0.02
97240,0.02
97242,2.7815
97245,3.8
97249,0.02
97253,18.396666666666665
97279,0.56
97280,0.02
97282,0.02
97283,0.02
97286,0.02
97290,2.5510204081632654e-05
97292,40.0
97297,0.02
97340,0.02
97341,0.02
97360,0.002551020408163265
97548,1.6670000000000003
97593,0.5033333333333333
97678,0.02
97685,0.0021683673469387755
98249,0.14400000000000002
98274,30.7
98292,10.0
98293,14.249999999999998
98306,0.5
98375,8.0
98434,0.02
98497,40.0
98555,15.0
98606,0.02
98625,13.8
98672,3.3
98673,2.0
98676,0.02
98715,38.0
98723,1.0096941176470586
98755,1.5
98756,1.5
98757,1.5
98758,0.5
98759,0.02
98762,0.02
98763,0.02
98764,0.02
98766,0.02
98767,0.02
98768,0.02
98769,0.02
98771,0.02
98772,0.02
98773,0.02
98784,0.012755102040816327
98791,0.02
98805,0.02
98806,0.02
98807,0.02
98808,0.5
98809,0.6
98810,0.1
98811,0.02
98813,0.032
98818,0.4
98823,2.9
98824,0.2
98831,0.2
98832,0.1
98833,0.1
98834,0.2
98838,5.0
98841,2.0
98843,12.8
98844,4.2
98845,1.0
98846,0.4
98848,25.0
98849,5.0
98850,0.5
98851,0.02
98863,1.0
98868,0.02
98869,0.02
98870,0.02
98873,0.02
98878,4.85
98879,0.7130500000000001
98890,0.02
98893,0.02
98895,1.53
98896,2.8
98902,0.02
98907,0.02
98908,0.02
98912,0.02
98916,3.1
98919,0.5
98920,0.02
98933,2.4
98934,0.02
98938,17.669999999999998
98948,0.02
98949,0.02
98950,0.02
98954,0.02
98955,0.02
98957,0.41500000000000004
98959,0.02
98960,0.0022066326530612245
98961,0.02
98967,0.02
98969,3.0
98970,0.02
98971,0.02
98972,0.02
98973,1.0
98975,0.02
98976,5.0
98977,2.0
99014,0.02
99015,0.02
99027,0.02
99050,0.002551020408163265
99063,0.02
99125,1.44
99141,0.02
99147,0.003826530612244898
99329,0.02
99330,0.02
99429,0.83
99642,0.00298469387755102
99647,0.02
99672,0.02
99688,0.02
99710,0.02
99718,0.04
99731,0.02
99736,0.5
99741,0.02
99742,0.02
99745,565.2857142857142
99749,0.02
99750,5.0
99772,25.0
99776,0.02
99789,1.0
99791,0.02
99792,0.02
99803,0.02
99806,0.02
99807,0.02
99810,0.02
99812,0.02
99824,0.02
99825,0.02
99826,0.02
99827,0.02
99828,5.0
99829,0.2
99832,0.02
99842,0.1
99843,0.02
99844,0.02
99846,0.02
99849,0.02
99852,0.02
99853,0.02
99865,1.275
99867,0.122
99879,0.012755102040816327
99880,0.02
99885,0.5
99886,0.048
99898,0.02
99901,0.0002933673469387755
99912,0.4
99915,1.6000000000000003
99916,0.445
99917,0.3
99918,2.1500000000000004
99919,5.8
99928,0.02
99931,0.42500000000000004
99938,0.02
99940,0.02
99941,0.02
99944,0.02
99945,0.02
99946,0.02
99952,0.02
99953,10.0
99954,0.02
99955,0.02
99966,5.312999999999999
99967,1.0
99969,0.5
99970,2.7
99971,5.1
99976,5.0
99977,5.0
99978,5.0
99981,8.5
99994,8.2
99995,20.57
100006,0.02
100008,0.02
100012,0.02
100013,0.02
100024,0.02
100025,0.00510204081632653
100026,0.02
100043,0.02
100044,0.02
100045,0.02
100046,0.02
100050,3.27
100070,2.5
100071,0.02
100075,1.5250000000000001
100085,3.0
100088,12.7
100924,0.02
100973,0.5
100976,0.02
100978,0.02
100979,3.0
100980,3.4333333333333336
100984,0.32
100985,0.91
100986,0.02
100988,0.02
100989,0.02
100991,0.02
100993,0.02
100994,0.02
100995,0.02
100996,0.02
100997,0.02
100998,0.02
100999,0.02
101000,0.02
101001,0.02
101003,0.02
101004,0.02
101005,0.02
101006,0.02
101007,0.02
101008,0.02
101009,0.02
101010,0.02
101016,40.0
101028,0.02
101039,0.02
101068,0.02
101076,0.02
101077,0.02
101078,0.02
101081,25.0
101082,5.0
101083,0.02
101101,0.02
101102,0.02
101108,0.02
101110,0.02
101111,0.02
101112,0.02
101150,0.5
101330,7.0
101959,14.0
101997,3.8171428571428576
103910,0.02
104008,2.0
104075,5.2312
137577,5.0
137583,20.0
137596,4.2
137599,16.0
137605,2.046
137622,0.02
137625,0.02
137628,0.02
137631,0.02
137634,0.02
137639,0.02
137667,0.0033290816326530612
137675,0.02
137678,0.02
137681,0.02
137686,44.0
137698,25.5
137754,0.02
137776,0.02
137783,0.02
137807,9.8
137831,0.02
137834,0.02
137839,230.0
137867,0.02
137888,0.02
137898,0.02
137908,0.02
137911,0.02
137914,5.0
137917,5.0
139406,0.02
139411,0.02
139414,0.02
139417,7.9
139423,2.5
139426,0.02
139436,0.002551020408163265
139441,0.02
139444,0.02
139447,0.02
139450,0.02
139455,0.02
139466,0.02
139471,0.02
139474,0.02
139480,0.02
139485,0.02
139491,0.02
139512,0.02
139515,0.02
139525,0.02
139547,0.02
139552,0.02
139557,0.02
139564,0.02
139573,0.02
139578,0.02
139583,0.02
140481,0.02
140874,666.67
140896,0.2
140917,0.02
140922,0.02
140927,0.02
140933,0.02
140936,0.02
140941,0.02
140944,0.02
140949,5.0
140952,0.02
140957,0.02
140963,0.02
140966,0.02
140969,0.02
140976,0.02
140989,2.4
141000,0.02
141007,0.02
141077,0.168
141083,23.900999999999996
141096,0.02
141127,0.256
141148,0.02
141163,0.02
141253,0.5
141258,0.02
141291,75.0
141327,0.02
141330,0.02
141333,0.02
156152,27.333333333333332
156728,0.02
157215,0.02
157798,25.0
157801,0.02
157820,0.02
157826,0.5
157832,0.02
157846,0.02
157850,0.15
157946,0.02
157954,0.02
157962,0.02
157965,0.02
157973,0.02
157991,0.02
157997,0.02
158014,0.012755102040816327
158025,0.02
158029,0.02
158673,0.02
158676,0.02
158687,0.02
160148,0.02
163596,14.130000000000003
163634,0.0031887755102040817
163649,0.02
163654,0.02
163662,0.02
163665,0.02
163668,0.02
163681,0.00035714285714285714
163684,0.02
163690,0.02
163693,0.02
163696,0.02
163703,1.0
163727,0.02
163746,0.02
163934,15.0
163937,0.02
163956,0.02
163961,0.02
163966,0.02
163971,0.02
163976,0.02
163979,0.02
163985,0.02
165805,0.02
166011,0.02
166016,0.02
166024,0.02
166029,0.02
166032,0.02
166035,0.02
166038,0.02
166063,0.02
166073,0.02
166078,25.0
166081,0.935
166096,0.2038
166105,0.02
166108,0.02
166113,0.02
166260,14.6
166272,0.02
166277,0.02
166282,0.02
166286,0.02
166291,0.02
166305,0.02
166308,0.02
167635,0.0031887755102040817
168443,0.02
168451,0.02
168454,0.02
168486,0.02
168491,0.1925
168544,0.02
168549,0.02
168552,0.02
168555,0.02
168558,0.02
168563,0.02
168566,0.02
168569,0.02
168572,0.02
168577,0.02
168583,0.02
168588,0.02
168593,0.02
168598,0.02
168606,0.02
168612,0.02
168615,0.02
168624,0.02
168782,2.0
168796,0.02
168811,5.0
168816,0.001913265306122449
168956,2.4
168984,0.02
169079,0.02
169085,0.02
169090,0.02
169095,0.02
169100,0.02
169105,0.0030739795918367347
169157,0.02
169464,0.02
169793,0.8
169796,0.6
169799,0.6
169802,2.8
171430,0.02
171433,0.02
171436,5.0
171439,0.02
171442,0.02
171607,0.02
171612,0.02
171617,0.02
171622,0.02
171629,0.02
171673,20.0
171680,0.02
171700,0.02
171703,0.02
171719,0.02
171829,0.02
171839,0.02
171844,0.02
171848,0.02
171851,0.02
171860,0.02
171863,0.02
171866,0.02
171871,1.4042999999999999
171876,0.096
171881,0.02
171901,24.0
171929,0.0006377551020408163
178029,4.0
178303,0.02
178307,0.02
178320,25.0
178333,0.02
178338,0.02
178345,0.02
178355,0.02
178364,0.02
178377,0.02
178389,0.02
178396,0.02
178400,0.02
178461,0.02
178464,0.02
178475,1.0
178478,0.15000000000000002
178487,0.0002423469387755102
178506,0.02
178509,0.02
178566,5.8999999999999995
180226,0.07
180229,0.2
180234,0.1
180242,1.0
180275,3.5379166666666655
182050,0.295
182067,26.0
182090,2.1685714285714286
182095,17.3
182130,64.0
183422,10.0
183435,1.33
183660,0.5
183669,0.13722222222222222
183678,0.02
183707,0.02
183713,0.0003061224489795918
189427,0.08
189439,0.04
199241,0.0012755102040816326
199247,0.02
199267,0.02
199282,0.02
199285,0.02
199293,0.02
199302,25.0
199306,25.0
199318,0.0031377551020408162
199326,0.02
199329,0.02
199332,0.02
199337,0.02
199340,0.02
199343,0.02
199348,0.02
199351,0.02
200418,0.02
206554,0.02
206559,0.02
206564,0.02
206569,0.003826530612244898
206580,0.02
206583,0.02
206647,6.7
206973,1.0
208513,0.0006377551020408163
208650,0.28
209335,0.1
209341,0.02
209370,0.02
209867,0.02
209902,0.02
209905,0.02
209908,0.02
209916,0.2
209932,0.02
209943,0.02
209951,0.02
209964,30.0
209967,0.02
209970,0.02
209973,0.02
209981,0.02
209989,37.0
210115,0.02
210122,0.02
210128,0.02
210133,0.02
210136,0.02
210141,0.02
210144,0.02
210159,32.2
210163,0.02
210548,0.02
210571,0.02
211017,0.02
211062,5.0
211067,0.02
213500,49.0
213504,59.82583333333335
213512,1.2
213528,25.645833333333336
213531,0.9579166666666666
213557,0.5878260869565217
213716,0.7734782608695654
213746,0.2
213767,55.60458333333333
213772,9.173333333333334
213787,0.2
213792,0.2
213807,0.2
213812,0.2
216675,25.0
216812,0.1424
216820,0.21600000000000003
216828,0.02
217008,0.02
217012,0.003826530612244898
217017,0.02
217026,0.02
217055,0.02
217064,2.0
217067,22.0
217071,42.0
217074,3.5
217080,22.0
217260,0.68
217266,0.02
217330,0.02
217335,0.02
217340,0.5
217346,0.02
217371,0.02
217377,0.02
217382,0.02
217385,0.02
217390,0.02
217396,0.02
217399,0.02
217407,0.02
217563,0.006700000000000001
217622,0.02
220295,0.02
220386,5.0
220393,3.8
220407,0.002551020408163265
220436,0.15
220448,0.02
220465,0.02
221008,0.02
221016,0.02
221039,0.02
221043,0.02
221046,0.02
221054,0.02
221061,15.0
221074,0.0031887755102040817
221091,61.5
221098,7.0
221120,0.02
221126,0.02
221139,0.02
221142,0.02
221145,0.02
223727,9.29
225123,0.02
225147,0.5
225154,0.02
226292,5.327999999999999
226295,37.5
227510,5.0
227972,0.012755102040816327
227976,0.02
228003,0.02
228012,0.02
228113,18.15
228116,0.02
228169,0.02
228174,0.02
228179,0.02
228190,0.02
228227,0.02
228236,0.02
228240,0.02
228247,0.02
228264,0.02
228277,0.02
228302,0.003826530612244898
228305,0.02
228308,0.02
228312,5.0
228329,50.0
228357,0.02
228371,0.9666666666666667
228374,0.02
228379,0.02
228384,0.02
228387,0.02
228390,0.02
228396,0.02
228399,0.02
228402,0.02
228410,0.02
228415,0.02
228423,0.02
228426,0.02
229717,0.3
230839,0.02
230851,0.02
230857,0.02
231080,36.0
231108,0.02
231147,0.02
231154,0.02
231169,3.25
231178,3.6
231183,0.3
231214,100.0
231401,0.02
231531,0.02
231556,0.02
231573,0.02
231720,0.02
231736,0.02
231742,0.02
238329,0.02
238446,0.02
238455,0.02
238459,0.02
238468,6.7
238475,0.02
238505,0.02
238517,0.02
238523,0.02
238569,0.02
238578,0.02
238583,0.2
238606,0.004974489795918367
238621,3.0
238624,14.0
238722,0.02
238744,0.02
238750,0.02
238755,0.02
238763,0.02
238769,0.02
240071,5.0
240094,5.0
240103,0.6
240112,0.02
240760,0.02
243343,0.02
244305,0.02
244310,0.02
247198,0.02
247203,0.2
247234,7.633333333333333
247245,0.003826530612244898
247257,0.02
247262,0.02
247353,0.33999999999999997
247522,0.02
247525,2.4
247604,0.02
247775,5.0
247790,0.02
247794,0.02
247815,0.02
247820,0.02
247827,0.02
247868,0.02
248111,0.6
250923,2.5866666666666664
250972,0.02
250977,0.02
250984,0.02
250994,0.02
251019,0.02
251028,0.00025510204081632655
251046,0.02
251056,0.02
251061,0.02
251066,0.02
251076,1.72
251274,0.02
251279,0.02
251282,0.02
251287,0.02
251290,0.02
251295,0.02
251304,0.02
251383,0.02
251393,0.02
251515,0.02
251523,0.02
251576,0.3
251579,0.2
251582,0.1
251589,4.0
251598,0.1
251607,0.1
251612,3.5999999999999996
251627,2.5
251630,1.0
251636,1.6
251639,0.2
251643,0.2
251646,0.4
251671,0.02
251679,0.2
251863,0.1
251870,0.7000000000000001
251883,0.2
251899,0.5
251909,0.2
252164,6.0
252212,0.0021683673469387755
254334,0.02
254343,0.02
254346,0.02
254351,0.02
254361,0.02
254411,0.02
254478,0.02
254504,0.02
254509,0.02
254516,0.02
254519,0.02
254525,0.02
254528,0.02
254531,0.02
254534,0.02
254875,0.02
254898,0.02
254920,0.02
254925,0.02
254930,0.02
255132,0.02
255229,0.02
255235,0.02
261102,0.02
261120,0.02
261144,0.02
261183,0.002551020408163265
261190,0.02
261197,20.0
261204,0.02
261211,0.02
261229,0.02
261236,0.02
261243,0.002066326530612245
261250,0.02
261257,0.02
261265,0.02
261272,0.02
261279,0.02
261295,0.02
261304,0.02
261318,0.02
261323,0.02
261344,0.02
261349,0.02
261476,0.02
261483,0.02
261494,0.02
261534,0.02
261652,0.02
262941,0.02
263297,0.02
263310,0.2
263317,0.2
263324,0.2
263347,0.02
263352,5.0
263410,0.02
263413,0.02
263432,1.17
263435,6.16
263440,0.02
263458,0.02
263463,0.02
263479,0.5
263482,0.02
263487,0.02
263494,0.02
263501,0.02
263508,0.02
263516,0.02
263534,0.02
263543,0.02
263548,0.02
263553,0.02
263558,0.02
263665,0.02
264200,0.02
264675,0.02
264688,0.6672
268114,0.02
268145,0.5
268162,0.5
268249,0.02
268261,0.02
268316,25.0
268369,400.0
268744,5.28
269229,0.02
275517,0.02
275523,0.02
275555,45.0
275761,2.0
275766,0.5
275777,0.32
275786,0.5
275798,0.446
275803,1.2416666666666667
275864,4.0
275944,1160.0
276145,9.564166666666669
276161,0.5
276183,0.02
276193,0.02
276198,0.012755102040816327
276280,0.02
276405,0.02
276432,0.02
276435,0.02
276556,0.02
279934,0.02
279943,0.02
279947,0.02
280071,0.02
280133,0.02
280142,0.02
280183,0.02
280200,5.0
280210,0.03
280219,0.17
280224,0.03
280325,0.02
280333,0.02
280356,0.02
280365,0.02
280379,0.02
280384,0.02
280397,0.02
280403,0.02
280406,0.02
280553,0.02
280558,0.02
280576,0.02
280586,0.02
280598,0.02
280615,0.02
280620,0.02
280628,0.02
280633,0.02
280640,0.02
280651,0.02
280654,0.02
280671,0.02
280679,0.02
280763,0.02
280779,0.02
280785,0.02
280794,0.02
280886,185.0
281082,1.13
281085,0.19
281090,1.3
281097,0.635
281103,0.11
281122,0.02
281127,0.02
281139,0.02
281190,0.02
282166,0.02
284139,0.02
284149,0.02
284160,0.02
284169,0.02
284180,0.02
284227,0.02
284232,0.02
284247,0.02
284271,0.02
284282,0.02
284289,0.02
284324,0.02
284332,0.02
284339,0.02
284343,0.07
284400,0.02
284417,0.02
284448,0.02
284454,0.001913265306122449
284460,0.02
284984,0.02
289157,25.0
289307,0.02
289390,75.97955555555556
289478,0.02
289494,0.002551020408163265
289504,33.0
289513,0.02
289522,0.02
289560,0.1
289601,0.02
289863,0.02
293165,0.02
293168,0.02
293173,3.0
293181,0.02
293199,0.02
293202,0.02
293355,5.0
293375,0.02
293381,0.0023724489795918366
293462,0.02
293621,0.02
293642,0.02
293707,0.02
293725,0.02
293807,2.5510204081632654e-05
293822,0.02
293825,0.02
293843,0.02
293864,0.02
293925,0.02
293936,0.02
293939,0.02
293948,0.02
293955,0.02
293958,0.02
293964,0.02
293967,0.02
293978,0.02
293987,0.02
294016,0.02
294023,0.02
294026,0.02
294963,0.27899999999999997
294971,0.02
300179,0.02
300284,0.02
300293,0.02
300298,0.02
300305,0.02
300313,0.02
300319,0.02
300324,0.0019642857142857144
300333,0.02
300345,0.02
300359,0.02
300373,0.02
300382,0.02
300385,0.47125
300493,0.02
300496,0.02
300501,0.02
300504,0.02
300512,0.02
300525,0.02
300530,0.02
300536,0.02
300547,0.02
300552,0.02
300557,5.0
300570,0.02
300573,0.02
300576,0.02
300605,0.02
300857,0.22999999999999998
300878,2.2
300912,7.0
306504,0.02
306511,0.02
306516,0.02
306527,0.02
306530,0.02
306542,0.02
306547,0.02
306550,0.02
306558,0.02
306577,0.02
306644,9.0
306669,0.02
306674,0.02
306734,0.02
306741,0.02
307766,0.02
307936,0.02
308166,0.046
308386,0.02
308410,0.02
308425,0.02
308552,0.186
309015,0.3
309020,0.02
309025,0.003826530612244898
309108,0.02
309111,0.02
309147,0.02
309152,5.0
309246,0.02
309294,0.02
309297,3.1766
309324,0.02
309334,0.02
309854,0.02
313772,0.02
313781,0.02
313795,0.02
313800,0.02
313808,0.02
313838,0.02
313846,0.02
313850,0.02
313855,0.02
313884,0.02
313892,0.02
313906,0.02
313936,0.02
313947,0.02
314002,0.02
314022,0.02
314029,0.02
314034,0.02
314041,0.02
314051,0.02
314373,0.02
314376,0.02
314381,0.02
314389,0.02
314394,0.02
314399,0.02
314404,0.02
314422,0.02
314432,0.02
314466,0.02
314485,0.02
314555,0.02
314566,0.02
314572,0.02
314575,0.02
314585,0.02
314588,0.02
314597,0.02
314603,0.02
314621,0.02
314629,0.02
314632,0.02
314637,0.02
314647,0.02
314652,0.02
314655,0.02
314662,0.02
314667,0.02
314679,0.02
314689,0.02
314701,30.0
314718,0.02
314721,0.02
314777,0.001913265306122449
314811,0.02
314889,0.02
314918,0.02
314978,0.02
314993,0.02
315306,7.5
315311,2.5
317425,0.02
317428,0.02
317430,0.02
317473,0.02
317476,0.02
319160,0.02
319171,0.02
319182,0.02
319189,0.02
319195,0.02
319199,0.02
319218,0.02
319251,0.2
319276,19.9
319298,1.4000000000000001
319303,0.1
319319,0.2
319332,0.02
319340,0.02
319504,0.02
319509,0.02
319514,0.02
319519,0.02
319524,0.02
319547,0.02
319552,0.002295918367346939
319558,0.02
319563,0.02
319569,0.02
319574,0.02
319581,0.02
319589,0.02
319595,0.02
319600,0.02
319605,0.02
319612,0.02
319623,0.02
319635,0.02
319640,0.02
319646,0.02
319651,0.02
319671,0.02
319675,0.02
319678,0.02
320355,0.02
320360,0.02
320365,0.02
320370,0.02
320375,0.02
320380,0.02
320385,0.02
320391,0.02
320396,0.02
320401,0.02
320406,0.02
320411,0.02
324262,0.02
324290,0.02
324294,0.02
324299,0.02
324307,0.02
324313,0.02
324321,0.02
324364,0.02
324381,0.02
324410,0.02
324416,0.02
324422,0.02
324442,0.02
324525,0.02
324530,0.02
324535,0.02
324540,0.02
324561,0.02
324569,0.02
324575,0.02
324581,0.02
324585,0.02
324588,0.02
324625,1.3874999999999997
324632,0.02
324636,0.0021683673469387755
324703,0.02
324708,0.02
324713,0.02
324718,0.02
324723,0.02
324737,0.02
324964,0.3
324972,0.02
324977,0.02
329173,0.02
329178,0.02
329191,0.02
329195,0.02
329211,0.02
329217,5.0
329224,0.02
329228,0.02
329235,0.02
329242,0.02
329249,0.02
329252,0.02
329258,0.02
329284,0.02
329308,0.02
329319,0.02
329324,0.02
329329,0.02
329332,0.02
329341,0.02
329457,0.02
329466,0.02
329475,0.02
329478,0.02
329481,0.02
329802,0.02
329813,0.02
329883,0.02
329918,1.5
329942,0.02
329977,2.5
329984,0.75
330001,1.72
330012,0.5
330015,1.49
330021,5.0
330029,0.02
330050,0.02
330054,0.02
330058,0.42000000000000004
330064,20.85
331176,0.02
331187,0.02
331190,0.02
331206,1.0
331226,0.02
352328,0.02
352333,0.02
352403,0.02
352447,0.02
352470,0.02
352479,0.02
352490,0.02
352530,0.02
352540,0.00510204081632653
352563,0.02
352577,0.02
352582,0.02
352587,0.02
352596,0.02
352629,0.02
352636,0.02
352641,0.02
352649,0.02
352654,0.02
352657,0.02
352662,0.02
352665,0.02
352670,0.02
352675,0.02
352682,0.02
352709,0.02
352712,0.02
352718,0.02
352723,0.02
352731,2.5
352734,0.02
352737,0.02
352745,0.02
353284,0.02
353298,0.02
353320,0.02
353334,0.02
356947,0.02
356961,0.02
356978,0.02
356996,0.02
357001,0.02
357008,0.02
357034,0.38
357043,0.02
357158,0.02
357175,0.02
357237,0.02
357329,0.02
357332,0.02
363396,0.02
363400,0.02
363409,0.02
363412,0.02
363417,0.02
363424,0.02
363429,0.02
363432,0.02
363444,0.02
363447,0.02
363454,0.02
363478,0.02
363483,0.02
363494,12.1
363523,0.02
363528,0.02
363534,0.02
363540,0.02
363549,0.0036096938775510203
363611,0.02
363618,0.02
363623,0.02
363649,0.02
363654,0.02
363665,0.02
363677,0.02
363680,0.02
363686,0.02
363694,0.02
363705,0.02
363710,0.02
363727,0.02
363741,0.02
363958,1.82
363965,0.02
363969,0.02
363981,0.02
363992,0.02
363999,300.0
364013,3.33
364028,0.02
364198,0.02
364577,0.02
369837,0.02
369840,0.02
369847,0.02
369852,0.02
369861,0.02
369867,0.02
369881,0.02
369891,0.02
369897,0.02
369913,0.02
369920,0.02
369929,0.02
369939,0.02
369942,0.02
369950,0.02
369955,0.02
369962,0.02
369970,0.02
369979,0.02
369992,0.02
370010,0.02
370015,0.02
370019,0.02
370022,0.02
370039,0.02
370046,0.02
370052,0.02
370088,0.02
370091,0.02
370097,0.02
370103,0.02
370127,0.02
370131,0.02
370334,0.6768181818181819
370921,0.02
370924,0.02
370927,0.02
370930,0.02
370943,0.02
370997,0.02
371007,0.02
371428,0.0006377551020408163
391307,0.02
391316,0.02
391320,0.02
391327,0.02
391330,0.02
391343,0.02
391348,0.02
391351,0.02
391366,0.02
391372,0.02
391376,0.02
391384,0.02
391389,0.02
391392,0.02
391397,0.02
391408,0.02
391411,0.02
391417,0.02
391457,0.02
391487,0.02
391490,25.45
391641,0.02
391646,0.02
391655,4.15
391665,0.1
391673,45.0
391677,0.02
397590,0.02
397593,0.02
397596,0.02
397606,0.02
397612,0.02
397615,0.02
397618,0.02
397623,0.02
397695,0.02
397709,0.02
397715,0.02
397725,0.02
397735,0.02
397744,0.02
397750,0.02
397755,0.02
397758,0.02
397787,0.02
397922,0.02
397927,0.02
397933,0.02
397937,0.02
397941,0.02
397946,0.02
397951,0.02
397959,0.02
397964,0.02
397968,0.02
397973,0.02
398043,22.429999999999993
398053,0.06823529411764707
398058,5.8075
398069,0.02
398073,0.00149234693877551
398079,0.02
398088,0.02
398097,0.02
398109,0.02
398117,0.02
398124,0.8
398127,0.02
398147,27.0
398156,0.02
398166,0.02
398173,0.02
398189,0.02
398934,93.9
398940,4.3
398961,7.647500000000002
398971,2.7895833333333324
398980,6.78
398987,0.5317391304347827
399058,0.02
399081,0.02
399086,0.02
399096,0.02
399103,0.02
401764,0.02
401768,0.02
401777,0.02
401780,0.02
401785,0.02
401795,0.02
401800,0.02
401805,0.02
401810,0.02
401815,0.02
401820,0.02
401830,0.02
401835,0.02
401840,0.02
401849,0.02
401859,0.02
401862,0.02
401866,0.02
401869,0.02
401874,0.02
401901,0.02
401911,0.02
401920,0.22909090909090912
401923,0.02
401935,0.02
401942,0.02
401945,0.02
401948,0.02
401953,0.02
401959,0.02
401964,0.02
401973,0.02
401979,0.02
401986,0.02
401996,0.02
402003,0.02
402035,0.02
402082,0.02
402364,0.02
402823,40.0
404437,0.02
404440,0.02
404443,0.02
404448,5.0
404451,0.02
404454,0.02
404463,0.02
404466,0.02
404473,0.02
404476,0.02
404493,0.02
404499,0.02
404507,0.02
404521,0.02
404546,0.02
404553,0.02
411493,0.02
411527,28.0
411536,0.02
411543,0.02
411593,0.005153061224489796
411703,6.0
411709,4.0
411712,0.02
411777,0.02
411788,0.02
411986,0.02
412022,0.02
412035,0.02
412057,0.02
412066,0.02
412069,0.02
412181,0.02
412189,0.02
412217,0.02
418945,0.056666666666666685
418951,0.47333333333333316
418959,1.0208000000000002
420179,0.02
420492,0.02
420561,0.02
420566,0.02
420573,0.02
420584,0.02
420686,0.02
420699,0.02
420702,0.02
420728,0.02
420733,0.02
420741,0.02
420789,0.02
420794,0.02
423275,0.02
423296,0.02
423306,0.02
423384,0.02
423454,0.02
423461,13.0
423479,0.02
423786,4.000399999999999
423894,0.02
423968,0.09150000000000003
423994,0.2881818181818182
424002,1.0860869565217393
424016,2.4630434782608694
424019,6.72304347826087
424027,0.02
424039,0.24090909090909096
424046,0.3385714285714287
424053,0.09230769230769231
424058,0.19769230769230767
424065,0.04750000000000001
424073,0.0625
424099,0.02
424107,0.02
424261,0.02
424943,3.9000000000000004
424970,0.27578947368421053
424975,0.08666666666666668
424982,0.041999999999999996
424991,26.200000000000003
424996,0.3260869565217392
425120,0.02
431140,0.02
431149,0.02
431166,0.02
431255,0.02
431272,0.02
431329,0.02
431341,0.28
431353,0.15
431361,0.02
434179,0.02
435387,0.02
435438,0.02
435628,0.02
435638,0.02
435651,0.02
435660,0.02
435804,0.02
435819,0.02
435845,0.02
435930,0.02
435934,0.02
435938,0.02
435953,0.02
435988,0.02
435998,0.02
436003,0.02
436141,0.02
436144,0.02
436151,0.02
436159,0.02
436166,0.02
436169,0.02
436174,0.02
436182,0.02
436242,0.02
436245,0.02
436274,0.02
437552,0.02
437572,0.02
438075,0.02
438114,0.02
438117,0.02
438134,0.02
438159,0.02
438178,0.02
438207,0.02
438213,0.02
438216,0.02
438274,0.02
438279,0.02
439167,33.0
439212,0.02
439218,0.02
439232,0.02
439254,0.02
439822,0.02
439854,0.02
439897,0.02
440354,0.02
440706,0.02
440713,0.02
440727,0.02
440731,0.02
442582,0.02
443073,0.02
443087,0.02
443098,0.02
443162,0.02
443197,0.02
443236,0.02
443811,0.02
443950,0.02
443988,0.02
443995,0.02
444002,0.02
444013,0.02
444048,0.02
444051,0.02
444069,0.02
444072,0.02
444077,0.02
444092,0.02
444099,0.02
444138,0.02
444458,0.02
444463,0.02
444490,0.97
445018,0.02
445038,0.02
445062,0.02
445110,0.02
447731,0.02
447737,0.02
447753,0.02
447757,0.02
447760,0.02
447784,0.02
447893,0.02
447896,0.02
447954,0.02
447961,0.02
447964,0.02
447974,0.02
447977,0.02
447980,0.02
447997,0.02
448010,0.02
448237,588.0
448242,0.02
448251,0.02
448264,0.02
448267,0.02
448270,0.067
449266,13.0
449280,0.02
449285,5.0
449566,0.02
451602,0.02
451607,0.02
451612,0.02
453499,0.02
453504,0.02
453510,0.02
453521,0.02
453533,0.02
454710,0.02
454714,0.4
454718,141.0
454723,6.6000000000000005
454745,0.02
454750,0.35200000000000004
454821,27.25
454831,0.5
454836,0.02
456298,0.02
456312,0.02
456318,0.02
456328,0.02
456369,0.02
457050,0.02
457077,0.02
457083,0.0018494897959183674
457185,0.02
457193,0.02
457205,0.02
457212,0.02
457223,0.02
457240,0.02
457260,0.02
457265,0.02
457279,0.02
457284,0.02
457351,0.02
457359,0.02
457365,0.02
457375,0.02
457378,0.02
457395,0.02
457406,0.02
457485,0.02
458758,0.02
458763,0.02
458768,0.02
458798,0.02
458803,0.02
459033,0.02
459051,0.02
459056,0.02
459061,0.02
459070,0.02
459074,0.02
464282,0.02
464288,0.02
464306,0.02
464311,0.02
464336,0.02
464366,0.02
464370,15.438
464440,0.02
464443,0.02
464453,0.003086734693877551
464458,160.0
464724,0.02
464738,0.02
464756,0.02
464760,0.02
465824,0.02
466026,0.02
466688,0.02
466695,0.02
466703,0.02
466718,0.02
466722,0.02
466768,0.02
466775,0.02
466784,0.02
466791,0.02
466794,0.02
466801,0.02
466806,0.02
466921,0.02
466926,0.02
466934,0.02
466943,0.02
466950,0.02
466962,0.02
467166,0.02
467176,0.02
468620,0.02
468631,0.02
468635,0.02
468641,0.02
468661,0.02
468666,0.02
468672,0.02
468678,0.02
468684,0.02
468699,0.02
468717,0.02
476084,0.02
476093,0.02
476096,0.02
476102,0.02
476113,0.02
476119,0.02
476126,0.02
476394,0.02
476406,0.02
477650,0.02
477661,0.02
477673,0.02
477684,0.02
477749,0.02
477774,0.02
477787,0.02
477814,0.02
477817,0.02
477831,0.02
477857,0.02
477993,0.02
478029,0.02
478042,0.02
478049,0.02
478664,0.02
480476,0.02
480483,0.02
480491,0.02
480528,0.02
480536,0.02
480556,0.02
480682,0.02
480851,0.02
480864,0.02
480880,0.02
480898,0.02
480907,0.02
481152,0.02
481662,0.02
481665,0.02
482077,0.02
482601,0.02
482606,0.02
485350,0.02
485405,0.02
485418,0.02
485421,0.02
486811,0.02
486815,0.02
487796,0.02
487809,0.02
487814,0.02
487825,0.02
488168,0.02
488191,0.00020408163265306123
488197,0.02
488232,0.02
488239,0.02
488280,0.02
488333,0.02
488434,0.02
488437,0.02
488594,0.02
488613,0.02
488618,0.02
488627,0.02
488632,0.02
488635,0.02
488642,0.02
488647,0.02
488650,0.02
493342,0.02
494344,0.02
494428,0.02
494433,0.02
494439,0.02
494444,0.02
494526,0.02
494541,0.02
494547,12.7
494550,46.1
495274,0.02
495818,0.02
495844,0.02
495875,0.02
495879,0.02
495930,0.02
496641,0.02
496686,0.02
496689,0.02
496693,0.02
496751,0.02
496756,0.02
496790,0.02
497188,0.56
497623,0.02
497757,0.02
497764,0.02
497906,0.02
498228,0.0011479591836734695
498251,0.02
498474,0.02
498485,0.02
498488,0.02
498497,0.02
498602,0.02
498693,0.02
498700,0.02
499009,0.43760000000000004
500055,0.02
500062,0.02
500095,0.02
500135,0.02
500144,0.02
500150,0.02
500159,0.02
500163,0.02
500180,0.02
500188,0.02
500464,3.5
500478,31.200000000000003
500533,0.02
500545,0.02
500548,0.02
502363,35.099999999999994
502366,10.2
502423,0.02
502430,0.02
502434,0.02
502437,0.02
502444,0.02
504476,0.02
504523,0.02
504530,0.02
505208,0.02
505216,0.02
505227,0.02
505237,0.02
505242,0.02
505248,0.02
505652,0.40373333333333333
506307,0.02
506353,0.02
506358,0.02
508093,0.02
508476,0.02
508488,0.02
508498,0.02
508501,0.02
508512,0.02
508523,0.02
508529,0.02
508533,0.02
508542,0.02
512260,0.02
513436,0.02
513456,0.02
514352,0.02
514980,0.02
519388,0.02
521258,0.02
521305,0.02
521308,0.02
521390,0.02
521406,0.02
521411,0.02
521414,0.02
521426,0.02
521432,0.02
521438,0.02
521445,0.02
521450,0.02
522077,0.02
527276,0.02
527450,0.02
527468,0.02
527497,0.02
528091,0.02
528105,0.02
529574,0.02
529665,0.02
529799,0.08700000000000001
529808,0.20746666666666666
529864,2.0
529962,0.02
529965,0.02
529977,0.02
529980,0.02
530849,0.02
530983,0.02
531151,0.02
535453,0.02
535458,0.02
536467,0.02
536471,0.02
536516,0.02
536532,0.02
537072,0.02
538096,0.00016581632653061225
538101,0.02
538574,0.02
538756,0.02
538863,5.0
538866,0.2
538869,0.2
538872,0.2
538931,0.02
538934,0.02
538958,0.02
538963,0.02
541423,0.02
542301,0.02
542306,0.02
542310,0.02
542585,0.02
542643,42.5
542657,0.02
543470,0.02
544254,0.02
544469,0.02
544488,0.02
544503,0.02
544602,0.02
544628,0.02
555402,0.02
555407,0.02
555877,0.02
556955,0.02
556985,0.02
557003,0.02
557056,0.02
557064,0.02
562509,0.02
562528,0.02
562559,0.02
562569,0.02
564178,0.02
565612,0.002551020408163265
565624,0.02
565782,3.0
565788,0.02
565858,0.02
565899,0.02
565909,0.02
566067,0.02
566175,0.02
566192,0.02
566231,0.02
566943,0.0035331632653061223
567502,0.02
568056,0.02
568062,0.02
568065,0.02
569274,0.02
569290,0.02
569816,0.02
569821,0.02
570371,0.02
570422,4.0
570431,5.0
570470,0.02
570491,0.02
570762,33.93333333333333
572013,0.02
572385,0.02
572428,0.02
572543,0.02
572550,0.02
572761,0.02
572768,0.02
572773,0.02
572798,0.02
574918,0.02
580933,0.02
583097,0.02
583861,24.000000000000004
585867,40.0
586130,0.02
589435,0.02
589442,0.02
589515,0.02
589522,0.02
589527,0.02
589547,0.02
589608,0.02
589618,0.0020408163265306124
589821,4.0512
589824,1.29
589827,1.64
589830,12.54
589833,8.14
589856,0.02
589905,0.02
592564,0.02
592570,0.02
592574,0.02
596753,0.02
599082,0.02
599373,0.0035969387755102043
600731,0.02
