664.670000
26.430000
126.530000
90.870000
16.620000
7.290000
10.280000
7.740000
103.900000
3.950000
6.150000
2.340000
1.070000
21.960000
3.280000
7.490000
56.310000
1.040000
37.670000
13.670000
22.600000
207.760000
1.780000
0.340000
0.260000
356.290000
6.590000
4.740000
270.080000
162.730000
12.840000
6.980000
5.260000
1.490000
1.480000
37.160000
48.200000
22.080000
79.150000
15.010000
7.330000
135.200000
3.760000
0.170000
11.530000
37.250000
44.640000
22.880000
21.650000
5.460000
6.390000
4.270000
39.760000
2.800000
6.560000
2.000000
12.370000
1.610000
58.480000
1.600000
4.630000
12.000000
4.690000
3.190000
4.780000
27.520000
332.210000
537.430000
614.690000
210.830000
0.880000
82.060000
13.230000
9.600000
13.560000
1.790000
17.800000
1.790000
57.780000
30.340000
7.260000
4.720000
56.370000
8.960000
17.990000
23.380000
6.310000
46.040000
0.550000
11.630000
27.270000
4.640000
3.930000
5.010000
3676.370000
952.350000
17.360000
7.360000
13.150000
19.900000
2.000000
48.390000
7.690000
1.270000
41.350000
2.160000
5.750000
7.860000
5.520000
110.020000
1.990000
70.070000
26.640000
0.920000
78.220000
45.890000
33.860000
3.430000
64.670000
0.030000
22.280000
3.930000
1.070000
3.520000
7.410000
1669.920000
940.620000
54.260000
8.310000
112.960000
43.720000
402.030000
74.160000
17.970000
11.390000
908.560000
341.950000
1.440000
67.300000
6.940000
4.470000
25.610000
352.870000
164.530000
12.660000
301.020000
84.100000
29.970000
2.550000
6.880000
4.330000
26.000000
4.680000
0.890000
52.430000
18.820000
4.750000
22.370000
25.910000
0.550000
2.100000
2.750000
4.690000
5.060000
196.320000
60.960000
2.350000
5.430000
2.170000
4.890000
33.910000
0.900000
4.720000
1.100000
15.000000
167.560000
48.300000
2.510000
9.050000
0.900000
1.300000
0.720000
12.960000
0.900000
11.110000
56.200000
95.430000
1635.280000
152.150000
24.250000
2.340000
82.720000
50.290000
483.790000
1.620000
14.740000
3.940000
33.830000
24.960000
78.620000
0.170000
353.520000
15.200000
133.420000
14.430000
18.350000
2.700000
2.550000
0.200000
1.640000
47.900000
19.270000
25.480000
1457.450000
72.110000
5.020000
30.670000
28.330000
51.350000
386.850000
72.930000
92.210000
38.530000
0.720000
154.000000
0.550000
212.770000
6.500000
344.190000
2.340000
1.790000
48.940000
20.870000
0.030000
5.200000
19.600000
1.790000
60.970000
66.550000
108.270000
22.310000
19.300000
219.970000
37.650000
613.150000
284.340000
1.270000
35.560000
3.940000
2.750000
59.990000
47.730000
36.770000
48.360000
37.390000
5.090000
7.860000
15.140000
57.640000
9.080000
29.450000
15.760000
112.860000
0.900000
276.970000
77.440000
5.120000
1.960000
465.880000
269.990000
149.370000
19.190000
10.970000
0.850000
45.250000
394.560000
373.530000
659.370000
112.160000
250.520000
113.690000
0.340000
29.320000
7.480000
274.750000
8.650000
2.520000
34.570000
21.970000
5.400000
1.780000
49.440000
24.560000
7.200000
1.410000
0.850000
16.360000
3.450000
75.360000
6.290000
15.380000
62.100000
192.070000
10.370000
5.010000
58.810000
22.570000
46.110000
21.570000
1.070000
1.620000
4.510000
25.010000
329.880000
55.000000
196.250000
40.370000
149.030000
2.300000
97.210000
7.060000
39.660000
38.550000
16.730000
1.800000
27.050000
0.550000
1.950000
19.960000
1.580000
37.010000
4.140000
43.780000
7.030000
1.410000
155.780000
237.770000
29.350000
0.550000
15.020000
2.450000
137.970000
0.290000
1.790000
16.500000
19.180000
7.810000
6.940000
1278.200000
224.680000
8.250000
173.440000
24.480000
22.280000
1.270000
7.020000
220.810000
21.530000
67.430000
23.400000
493.720000
11.820000
139.710000
4.330000
441.900000
6.540000
89.420000
55.340000
44.970000
0.170000
357.020000
254.750000
72.570000
162.090000
25.620000
15.040000
9.470000
28.740000
9.110000
168.820000
157.430000
16.530000
76.510000
3.040000
4.190000
3.760000
107.270000
5.930000
22.750000
14.440000
24.080000
5.050000
31.450000
3.420000
201.330000
16.950000
3.280000
2.550000
129.180000
28.000000
20.950000
15.050000
18.560000
93.190000
24.970000
3.630000
238.400000
1.650000
14.620000
0.890000
143.200000
13.160000
2.550000
43.510000
2.330000
1.450000
3.050000
12.180000
4.150000
2.350000
23.470000
16.540000
65.310000
24.150000
4.400000
61.880000
3.920000
43.790000
9.950000
0.550000
11.560000
6.350000
13.690000
54.910000
72.820000
2.650000
5.770000
154.550000
4.060000
51.960000
11.810000
35.820000
24.480000
12.760000
0.340000
49.680000
798.030000
33.950000
58.500000
26.510000
40.530000
4.870000
15.980000
66.540000
0.900000
12.140000
14.250000
39.320000
32.570000
57.430000
22.830000
16.420000
4.880000
17.750000
32.990000
0.340000
3.360000
2.650000
12.660000
3.100000
11.180000
3.230000
4.330000
9.670000
0.720000
23.000000
6.890000
0.900000
2.890000
2.520000
17.870000
188.590000
13.720000
3.050000
0.510000
7.740000
16.080000
6.640000
99.670000
21.870000
28.380000
0.550000
15.720000
0.890000
14.340000
17.370000
0.720000
2.620000
0.900000
32.660000
43.610000
15.460000
0.720000
32.820000
44.980000
3.370000
1.960000
17.380000
14.840000
20.340000
8.640000
2.130000
55.410000
1.650000
55.420000
18.500000
17.860000
18.530000
0.550000
33.470000
83.870000
1.820000
5.420000
2.910000
7.550000
3.950000
0.550000
5.240000
8.460000
4.530000
6.820000
2177.530000
521.720000
16.380000
1.100000
18.330000
26.850000
13.320000
59.500000
25.980000
39.130000
18.220000
1.440000
21.480000
1.450000
1.980000
40.040000
1.510000
97.350000
39.650000
18.250000
23.960000
74.720000
42.510000
21.520000
66.420000
1.650000
13.920000
6.760000
1.100000
4.990000
18.600000
6.760000
6.110000
1.440000
231.810000
6.410000
85.730000
0.340000
2.540000
0.900000
13.200000
176.430000
33.420000
29.900000
43.460000
310.430000
110.800000
70.130000
35.930000
117.340000
29.290000
98.510000
13.350000
53.880000
29.640000
25.880000
13.460000
2.330000
33.060000
29.630000
25.950000
38.610000
39.470000
2.890000
1.610000
0.370000
101.410000
6.680000
4.130000
0.340000
0.750000
14.360000
0.510000
0.550000
5.030000
2.160000
2.720000
375.630000
132.490000
4.010000
22.120000
1.800000
10.280000
479.740000
95.450000
104.600000
62.930000
86.680000
56.320000
28.530000
13.260000
19.110000
31.400000
11.210000
45.670000
19.270000
1.470000
72.710000
5.360000
10.430000
26.040000
0.510000
2.000000
31.740000
11.310000
9.370000
36.460000
19.080000
8.590000
4.100000
8.310000
5.200000
18.190000
1.640000
38.100000
5.770000
10.850000
11.620000
0.550000
3.650000
113.480000
0.550000
2.690000
12.190000
9.720000
11.560000
5.530000
8.090000
17.230000
11.440000
1.000000
2.920000
5.830000
7.300000
6.330000
1.060000
5.300000
1.970000
4.340000
1.650000
38.880000
1.060000
1.810000
1.620000
5.260000
1.450000
0.930000
1.620000
0.510000
6.490000
1.100000
1.070000
2.170000
11.930000
0.170000
5.060000
1.620000
0.030000
1.960000
1.070000
12.250000
0.170000
1748.660000
548.230000
48.890000
143.410000
956.460000
33.140000
0.340000
4.560000
6.110000
58.650000
67.100000
140.750000
0.550000
9.460000
112.380000
16.130000
3.270000
1044.210000
57.160000
112.450000
52.030000
21.830000
20.030000
53.970000
13.680000
34.860000
124.230000
36.740000
31.650000
14.350000
30.520000
11.700000
6.250000
196.920000
5.470000
4.150000
63.490000
38.770000
27.230000
54.790000
1.090000
7.020000
35.910000
24.330000
44.140000
43.980000
36.860000
60.000000
62.610000
13.220000
32.510000
0.170000
24.650000
3.320000
1.100000
59.760000
0.030000
202.010000
24.180000
5.070000
29.580000
98.370000
59.650000
43.690000
78.090000
15.480000
2.350000
2.520000
8.720000
1.100000
70.620000
11.520000
3.250000
1.450000
28.070000
0.950000
4.510000
45.400000
9.740000
20.270000
1.770000
0.720000
37.280000
6.360000
0.170000
0.900000
3.780000
0.930000
4.520000
1.940000
5.720000
6.310000
3.450000
4.480000
11.410000
36.330000
1.820000
2.920000
9.410000
8.950000
8.730000
9.490000
0.900000
17.370000
8.800000
8.540000
5.050000
4.570000
2.520000
1.450000
208.730000
1.410000
0.550000
15.910000
25.650000
8.620000
2.810000
11.670000
0.720000
5.840000
5.210000
1.790000
1.440000
7.050000
2.340000
0.900000
1.080000
1.990000
12.210000
11.430000
340.650000
1.070000
8.790000
0.400000
1.480000
44.040000
0.920000
8.630000
0.170000
8.590000
0.170000
2.780000
0.170000
2.170000
0.570000
4.550000
1.070000
31.500000
38.900000
1.620000
1.410000
1.640000
15.100000
1.980000
8.410000
2.870000
1.060000
1.820000
4.370000
3.060000
3.970000
3.950000
1.410000
0.030000
0.890000
1.800000
0.900000
6.940000
1.910000
721.640000
163.880000
125.360000
58.980000
33.950000
99.670000
45.620000
505.460000
3.790000
23.800000
125.800000
20.130000
12.820000
6.670000
13.920000
37.650000
1.780000
2.860000
34.420000
22.700000
23.840000
5.540000
1.450000
231.100000
15.630000
0.340000
11.450000
3.210000
0.550000
1.240000
12.750000
4.160000
94.080000
1.620000
2.720000
3.440000
78.150000
0.720000
2.130000
0.550000
51.190000
4.120000
0.550000
1.100000
2.550000
810.350000
498.000000
286.580000
523.630000
38.440000
117.860000
244.430000
48.560000
21.740000
149.460000
13.740000
549.610000
8.320000
59.790000
17.940000
92.880000
20.100000
154.320000
6.180000
70.850000
155.570000
56.480000
318.910000
14.330000
12.220000
1.620000
6.120000
61.600000
12.400000
14.050000
391.650000
26.440000
75.180000
47.260000
6.680000
28.400000
45.270000
29.210000
0.550000
17.090000
4.350000
21.730000
4.150000
31.690000
200.620000
0.720000
147.500000
206.120000
46.240000
39.020000
77.910000
344.990000
2.540000
1.650000
1.620000
96.740000
9.720000
117.370000
7.640000
0.920000
60.650000
117.320000
5.610000
25.870000
0.550000
11.680000
2.000000
55.440000
1.080000
177.940000
11.260000
3.850000
15.710000
5.100000
26.770000
13.800000
0.550000
10.310000
52.390000
486.340000
86.170000
5.190000
210.520000
97.950000
10.990000
204.620000
6.750000
111.490000
60.040000
33.710000
26.050000
98.900000
35.940000
280.360000
16.440000
18.620000
73.810000
33.540000
24.910000
3.180000
1.070000
0.900000
1.580000
5.080000
3.380000
0.720000
11.180000
36.640000
1.060000
1.240000
27.220000
21.000000
29.460000
25.450000
6.160000
39.850000
212.120000
2.690000
6.900000
0.890000
63.840000
31.520000
3.470000
12.640000
1.620000
0.550000
1.620000
0.890000
0.890000
0.170000
7.520000
0.550000
12.540000
55.230000
14.660000
0.200000
0.510000
0.550000
1.800000
1.450000
42.980000
0.550000
0.900000
1170.320000
250.300000
814.390000
188.100000
101.710000
50.160000
14.760000
14.840000
5.820000
6.040000
2.300000
30.130000
10.410000
56.000000
5.890000
21.570000
6.000000
28.970000
3.540000
0.900000
6.030000
125.500000
8.030000
1.630000
57.450000
3.040000
4.480000
24.600000
22.270000
93.990000
66.250000
29.070000
0.550000
1.610000
0.550000
6.770000
1341.110000
0.230000
1.900000
35.710000
29.130000
2.190000
0.030000
8.670000
5.600000
1.070000
508.630000
87.710000
192.730000
2.510000
43.760000
19.490000
4.670000
3.990000
9.350000
1.950000
133.550000
25.440000
19.840000
9.190000
3.810000
24.510000
12.030000
3.980000
54.490000
3.230000
1040.680000
338.750000
74.120000
58.830000
30.230000
18.580000
50.750000
17.590000
89.630000
81.580000
32.490000
17.320000
9.350000
16.920000
52.770000
23.130000
6.620000
22.000000
11.050000
0.340000
34.370000
10.520000
8.930000
14.960000
77.950000
8.140000
10.530000
9.850000
12.700000
4.940000
8.890000
1.350000
0.890000
7.250000
5.610000
137.290000
1.340000
10.850000
9.630000
54.280000
13.860000
6.420000
2.170000
0.550000
1.610000
2.010000
0.920000
0.580000
7.830000
7.870000
1.240000
11.980000
4.000000
20.060000
9.030000
6.960000
0.030000
8.770000
15.010000
4.330000
0.030000
2.680000
11.110000
5.120000
1.960000
21.350000
19.660000
12.700000
103.830000
22.840000
2.300000
1.620000
3.050000
4.060000
1.260000
3.790000
1.440000
13.440000
50.180000
13.420000
3.010000
2.010000
1.810000
8.830000
36.600000
1.090000
3.950000
126.040000
114.120000
2.120000
0.340000
0.710000
0.570000
42.370000
1.800000
1.610000
503.780000
55.990000
58.150000
52.110000
5.220000
10.290000
58.850000
5.590000
1.190000
47.180000
6.290000
186.980000
0.340000
2.550000
3.290000
0.720000
24.680000
2.140000
22.060000
2.050000
0.370000
45.610000
10.060000
20.430000
4.140000
25.280000
5.400000
4.350000
14.580000
6.640000
2.500000
3.230000
5.410000
0.170000
10.620000
4.990000
1.800000
6.500000
9.770000
2.160000
3.270000
3.070000
10.410000
139.550000
3.930000
20.330000
7.770000
44.000000
37.830000
7.740000
2.340000
13.020000
11.310000
8.280000
9.460000
5.790000
3.800000
53.680000
8.330000
2.680000
2.670000
1.820000
40.190000
22.810000
4.350000
7.690000
3.580000
5.410000
2.900000
545.180000
92.850000
82.160000
56.250000
33.580000
14.250000
198.040000
33.590000
23.640000
20.200000
179.750000
16.850000
78.670000
2.540000
0.900000
0.200000
36.220000
6.670000
9.510000
7.930000
149.770000
5.540000
5.110000
3.450000
5.660000
1.930000
2.770000
2.350000
170.130000
3.950000
0.900000
8.000000
1.450000
14.410000
86.630000
0.720000
0.030000
0.520000
4.340000
13.870000
2.160000
2.700000
9.950000
1.070000
3.130000
64.500000
2.850000
0.900000
16.410000
60.800000
3.030000
18.860000
3.820000
1127.330000
81.820000
40.560000
62.690000
26.160000
161.990000
10.340000
11.870000
7.880000
2.520000
0.510000
0.900000
101.080000
0.430000
12.780000
2.370000
16.640000
4.320000
15.310000
2.520000
10.310000
22.590000
1.100000
16.450000
124.830000
2.540000
0.200000
9.110000
6.800000
5.600000
11.880000
5.920000
51.200000
3.570000
36.140000
3.610000
4.500000
0.720000
0.900000
0.030000
11.020000
0.900000
21.910000
7.620000
1.850000
53.860000
30.810000
5.980000
3.850000
4.670000
1.800000
2.290000
9.980000
440.930000
7.960000
16.050000
3.840000
7.740000
128.520000
0.890000
1032.760000
350.540000
80.790000
115.020000
114.740000
171.060000
35.650000
100.630000
72.350000
10.850000
32.600000
52.210000
4.850000
129.510000
18.060000
40.000000
5.700000
23.050000
20.450000
1.730000
7.210000
8.910000
0.550000
50.450000
5.090000
0.900000
2.330000
3.600000
9.230000
5.010000
7.780000
2.900000
0.890000
0.900000
4.100000
2.480000
8.520000
109.850000
628.980000
82.920000
11.910000
45.830000
34.510000
73.480000
28.350000
1.980000
47.640000
23.960000
72.380000
40.030000
41.010000
0.900000
13.750000
29.050000
1.620000
17.660000
62.800000
18.020000
0.170000
19.100000
2.880000
643.360000
123.410000
320.570000
28.810000
52.900000
16.800000
24.440000
149.680000
137.760000
12.060000
60.400000
16.970000
4.660000
9.290000
4.690000
38.000000
54.450000
14.560000
7.000000
1.100000
11.250000
20.560000
208.050000
132.040000
73.490000
19.040000
29.180000
24.610000
2.700000
4.790000
4.310000
19.950000
52.200000
5.160000
21.710000
3.060000
3.800000
2.890000
14.000000
84.750000
1.290000
5.070000
19.220000
15.230000
15.580000
27.700000
1.820000
11.880000
5.240000
36.110000
0.900000
54.740000
2.900000
4.670000
3.100000
39.440000
45.800000
0.170000
19.910000
493.230000
2.750000
21.310000
27.360000
12.390000
30.050000
5.400000
13.680000
4.970000
6.280000
6.720000
4.810000
2.340000
1.450000
39.610000
22.230000
2.360000
0.890000
15.020000
2.170000
52.570000
0.890000
3.530000
66.310000
26.130000
3.770000
9.190000
19.570000
0.600000
6.660000
139.770000
12.890000
2.540000
16.390000
39.550000
7.950000
4.510000
32.810000
7.930000
18.210000
6.550000
1.070000
45.010000
0.550000
3.590000
13.100000
7.400000
9.420000
5.070000
3.790000
34.720000
23.610000
6.450000
2.690000
0.900000
2.160000
38.820000
165.210000
173.070000
3.980000
45.580000
0.910000
12.410000
4.830000
3.240000
3.120000
45.720000
18.930000
0.720000
6.160000
0.340000
2.890000
8.060000
2.340000
3.600000
4.540000
2.920000
64.590000
58.150000
20.250000
20.410000
0.580000
4.510000
11.110000
7.710000
1.400000
4.700000
0.900000
3.960000
12.830000
1.990000
20.310000
12.830000
18.670000
8.090000
5.730000
6.630000
15.090000
15.490000
9.770000
54.560000
25.140000
19.280000
7.750000
123.480000
37.800000
0.060000
35.180000
9.540000
12.000000
1.060000
7.310000
11.680000
5.100000
1.270000
8.130000
62.340000
2.020000
6.300000
2.290000
0.430000
78.390000
0.170000
20.470000
40.210000
5.980000
3.810000
25.460000
26.340000
140.090000
40.010000
90.650000
4.160000
21.570000
25.250000
123.720000
4.890000
8.070000
39.090000
6.790000
3.970000
4.480000
6.630000
8.530000
1.800000
12.890000
12.910000
7.190000
69.450000
11.770000
21.130000
32.960000
11.070000
11.160000
26.080000
1.770000
1.070000
4.750000
28.640000
6.480000
2.000000
4.020000
3.600000
2.950000
0.920000
7.000000
6.500000
35.740000
10.350000
1.070000
15.050000
5.250000
23.140000
0.720000
5.230000
1.990000
15.000000
0.720000
42.020000
3.200000
1.340000
9.080000
3.230000
4.930000
11.110000
17.550000
8.500000
2.900000
7.230000
68.390000
1.620000
248.930000
11.890000
45.620000
4.550000
2.000000
15.200000
6.810000
2.870000
4.920000
3.350000
5.440000
16.090000
8.240000
8.220000
13.890000
0.550000
10.670000
330.770000
4.530000
38.580000
6.350000
215.100000
0.170000
4.750000
12.660000
7.160000
0.170000
0.550000
18.120000
8.790000
0.200000
0.570000
35.020000
25.140000
19.630000
17.690000
15.240000
15.900000
1.100000
11.250000
5.590000
4.740000
2.340000
48.380000
132.150000
9.770000
50.610000
0.720000
0.170000
1.450000
4.300000
3.780000
2.000000
12.730000
5.050000
41.600000
2.690000
3.940000
11.820000
1.130000
0.720000
0.370000
15.550000
11.380000
7.010000
6.820000
8.490000
17.930000
13.360000
0.630000
36.470000
4.580000
25.560000
3.400000
2.000000
5.920000
3.470000
12.430000
6.510000
1.100000
3.210000
17.940000
0.680000
23.140000
0.370000
0.900000
1.500000
3.770000
655.490000
1.810000
7.670000
0.720000
0.340000
2.080000
11.940000
4.270000
6.120000
6.620000
2.690000
1.270000
46.890000
7.410000
35.300000
5.440000
23.230000
1.580000
29.850000
4.240000
0.030000
14.830000
0.550000
25.270000
24.880000
1.100000
0.720000
15.290000
0.720000
0.430000
2.200000
0.550000
0.550000
18.890000
177.930000
15.840000
5.090000
336.710000
260.880000
4.150000
98.840000
42.130000
6.500000
4.350000
8.670000
2.700000
54.260000
1.300000
14.270000
338.210000
20.090000
4.290000
4.350000
4.470000
2.740000
7.080000
4.130000
17.160000
4.830000
0.200000
4.330000
1.070000
1.070000
0.200000
412.050000
9.330000
24.870000
5.440000
1.450000
1.230000
4.320000
27.800000
38.430000
1.990000
0.900000
4.890000
1.450000
0.780000
19.830000
40.870000
0.170000
0.550000
2.200000
55.910000
786.610000
69.670000
22.230000
29.730000
218.420000
7.800000
61.430000
6.340000
0.170000
7.180000
1.790000
5.530000
2.550000
7.800000
0.720000
75.950000
2.200000
0.030000
1.100000
4.700000
3.100000
16.120000
13.400000
10.820000
116.610000
39.590000
1.070000
4.170000
13.080000
6.410000
34.390000
32.160000
11.580000
1.830000
24.490000
11.390000
34.690000
8.620000
1.990000
7.720000
21.140000
1.820000
1.070000
35.130000
20.430000
6.450000
3.630000
208.760000
393.070000
36.800000
28.390000
22.050000
0.720000
120.180000
19.440000
861.490000
742.600000
126.630000
7.610000
832.420000
82.840000
0.720000
90.630000
0.890000
0.900000
40.880000
16.760000
105.370000
0.720000
3.180000
3.130000
2.900000
8.250000
3.280000
13.290000
24.940000
12.110000
1.070000
1.650000
6.980000
0.550000
0.900000
49.580000
6.380000
1.280000
9.350000
6.960000
0.200000
11.190000
1.850000
2.130000
3.620000
37.870000
2.550000
2.890000
11.810000
6.060000
1.100000
22.790000
3.230000
1.060000
29.210000
1.820000
2.860000
3.000000
1.230000
3.150000
3.460000
7.230000
0.170000
11.180000
9.830000
1.670000
10.140000
3.660000
11.120000
24.170000
26.490000
22.550000
28.050000
11.500000
7.500000
5.410000
3.210000
81.150000
2.800000
8.450000
18.720000
7.640000
0.680000
4.160000
7.240000
132.760000
23.150000
4.320000
6.310000
77.750000
1.900000
3.820000
0.550000
0.750000
24.430000
16.130000
14.170000
10.270000
6.710000
6.140000
3.620000
0.170000
1.640000
17.420000
7.710000
0.890000
3.050000
1.710000
2.900000
99.540000
2.900000
19.030000
18.830000
101.660000
22.740000
566.110000
77.870000
8.890000
118.700000
11.130000
70.560000
17.700000
7.040000
15.470000
5.620000
36.590000
43.510000
28.760000
63.330000
9.720000
0.030000
6.420000
7.680000
3.750000
4.540000
9.010000
1289.240000
0.170000
9.640000
19.800000
64.070000
3.420000
4.150000
17.530000
10.830000
103.100000
22.380000
37.500000
1.960000
3.420000
0.170000
5.730000
8.110000
8.510000
2.960000
31.220000
21.160000
1.270000
27.180000
1.790000
2.680000
1.620000
0.900000
2.680000
27.880000
3.630000
1.640000
5.000000
5.800000
5.570000
16.610000
24.580000
11.820000
5.150000
10.060000
55.150000
0.170000
1.900000
2.200000
6.880000
1.960000
1.620000
4.650000
3.650000
2.340000
1.790000
0.550000
0.170000
1.800000
5.710000
0.170000
16.220000
30.180000
0.900000
35.600000
1.550000
9.080000
248.580000
122.420000
37.670000
1.100000
33.260000
8.280000
164.300000
10.710000
94.610000
138.080000
17.510000
5.050000
3.590000
3.520000
27.910000
19.630000
2.520000
5.470000
52.120000
2.450000
4.720000
2.340000
6.300000
3.790000
0.900000
3.720000
1.990000
4.770000
2.070000
1.000000
10.590000
23.680000
2.550000
3.600000
13.890000
0.900000
11.760000
2.350000
1.800000
10.610000
0.900000
0.900000
15.900000
13.790000
3.790000
7.730000
4.870000
2.000000
2.330000
4.470000
0.890000
1.100000
0.890000
1.070000
7.970000
7.990000
11.840000
1.970000
1.600000
0.890000
113.240000
86.910000
12.950000
11.090000
8.660000
167.850000
2.900000
1.100000
0.550000
5.960000
1.270000
11.780000
13.810000
1.620000
2.520000
1.820000
9.170000
0.900000
1.620000
2.130000
0.550000
6.340000
7.050000
0.340000
88.090000
13.390000
1.800000
145.650000
1.610000
0.550000
0.720000
0.720000
0.170000
15.720000
0.170000
40.580000
11.900000
2.800000
2.850000
7.510000
1.100000
47.890000
197.160000
143.170000
6.720000
0.580000
5.970000
0.170000
0.550000
0.170000
15.640000
1.450000
1.450000
28.170000
5.800000
1.650000
11.090000
6.890000
6.140000
1.920000
0.510000
0.550000
11.790000
48.390000
0.170000
0.550000
4.890000
2.540000
147.090000
3.640000
148.270000
0.170000
18.000000
24.140000
18.210000
87.630000
8.670000
12.250000
1.000000
293.520000
0.030000
0.170000
49.900000
4.520000
0.900000
1.070000
2.370000
1.070000
5.090000
0.900000
5.250000
0.900000
0.170000
38.070000
1.070000
0.850000
4.880000
54.570000
39.050000
23.680000
1.950000
0.170000
2.160000
10.640000
8.130000
1.270000
4.200000
12.670000
9.600000
8.140000
1.130000
3.820000
39.510000
6.530000
24.410000
0.550000
42.280000
0.550000
4.140000
2.350000
0.230000
3.590000
1.270000
1.460000
0.340000
8.600000
4.160000
19.220000
3.420000
51.310000
2.550000
1.100000
1.100000
17.130000
10.520000
1.450000
0.550000
0.550000
8.280000
1.100000
13.000000
21.120000
3.620000
1.990000
1.990000
0.550000
3.100000
4.260000
0.550000
2.700000
112.350000
32.680000
0.170000
1.130000
0.900000
0.900000
0.900000
3.450000
0.370000
203.320000
0.550000
33.410000
2.700000
23.860000
150.520000
39.120000
1.070000
5.450000
23.470000
76.210000
1.440000
3.600000
13.820000
0.900000
10.220000
77.830000
2.550000
69.590000
55.370000
0.900000
0.550000
13.750000
0.900000
1.100000
3.160000
0.900000
1.070000
0.170000
0.550000
8.610000
3.720000
1.370000
12.450000
4.720000
20.790000
8.560000
0.170000
516.990000
6.520000
17.680000
24.570000
0.920000
2.170000
16.940000
1.440000
27.180000
1.100000
2.780000
1.800000
25.990000
0.200000
3.580000
1.650000
0.550000
0.900000
3.520000
0.900000
5.800000
2.920000
0.550000
2.140000
6.670000
0.550000
12.070000
1.450000
3.620000
1.900000
2.330000
1.580000
0.900000
0.900000
3.770000
1.270000
3.650000
5.090000
2.550000
100.400000
12.960000
51.680000
0.340000
0.170000
8.550000
12.160000
63.470000
4.360000
3.050000
67.880000
1.620000
1.240000
1.830000
0.170000
5.970000
1.790000
1.100000
5.220000
0.550000
2.000000
5.650000
9.430000
3.800000
0.930000
6.400000
7.450000
6.920000
3.600000
0.900000
3.620000
13.380000
1.450000
0.340000
2.780000
3.610000
6.640000
49.980000
5.220000
4.410000
1.650000
9.340000
8.120000
2.800000
20.720000
6.850000
0.900000
2.750000
3.100000
0.900000
2.700000
3.240000
12.460000
5.210000
3.250000
8.340000
9.070000
11.400000
756.670000
0.550000
0.170000
1.740000
0.340000
0.170000
12.370000
0.170000
1.900000
0.170000
0.550000
3.170000
1.800000
0.170000
2.450000
0.720000
0.170000
0.900000
0.340000
0.170000
0.340000
0.170000
0.170000
0.170000
0.340000
0.900000
0.170000
0.550000
2.960000
0.550000
0.170000
1.170000
0.170000
0.170000
1.070000
1.000000
1.000000
4.480000
7.940000
0.550000
0.550000
0.030000
0.170000
0.890000
3.580000
0.170000
0.030000
0.720000
1.800000
0.550000
0.550000
0.170000
0.200000
7.080000
0.890000
0.170000
0.550000
1.790000
0.900000
0.170000
0.720000
0.170000
1.990000
0.170000
3.720000
3.090000
1.610000
0.900000
5.440000
0.550000
0.340000
164.900000
3.970000
10.050000
1.620000
9.970000
1.070000
3.740000
0.720000
0.170000
3.570000
0.900000
161.160000
117.890000
9.760000
1.070000
6.520000
6.520000
2.720000
0.550000
0.170000
1.240000
0.170000
0.030000
0.340000
1.800000
0.900000
0.550000
0.550000
0.900000
1.790000
0.200000
66.580000
25.750000
41.680000
0.550000
1.060000
1.450000
0.550000
8.330000
1.560000
93.880000
136.860000
113.680000
162.400000
77.050000
259.020000
9.750000
9.510000
40.350000
2.470000
19.220000
14.300000
43.460000
9.140000
8.690000
6.010000
0.750000
612.630000
535.690000
123.180000
432.490000
35.860000
16.570000
367.070000
345.520000
2.520000
15.510000
59.880000
0.890000
39.760000
0.900000
4.320000
4.970000
5.010000
11.110000
5.890000
1.900000
5.250000
3.250000
17.610000
187.060000
135.260000
0.550000
70.320000
5.760000
0.900000
0.550000
21.000000
91.970000
7.420000
18.930000
43.450000
57.810000
1.000000
4.720000
0.550000
190.510000
1.450000
97.350000
32.820000
50.300000
71.810000
4.540000
45.420000
48.610000
25.130000
3.960000
2.370000
2.710000
10.310000
2.450000
20.670000
1.600000
1.620000
3.230000
5.100000
2.890000
9.240000
16.040000
14.370000
5.360000
2.350000
13.200000
64.110000
0.550000
3.240000
12.510000
3.100000
0.540000
25.160000
9.150000
2.340000
1.440000
2.050000
7.030000
0.900000
20.250000
1.620000
1.410000
86.200000
1.450000
12.530000
5.940000
8.310000
2.520000
0.170000
23.200000
1.720000
3.970000
7.690000
2.850000
0.510000
2.900000
1.270000
3.620000
15.570000
0.230000
0.900000
0.170000
8.260000
0.900000
0.170000
0.550000
3.270000
0.900000
1.270000
14.260000
1.450000
0.720000
0.550000
1.070000
3.420000
0.170000
1.300000
11.670000
0.370000
1.790000
0.900000
1.680000
0.890000
4.340000
2.520000
17.870000
1.100000
1.070000
3.790000
0.170000
0.900000
0.550000
0.720000
0.550000
0.200000
1.450000
4.820000
3.470000
0.170000
0.170000
0.720000
0.900000
0.900000
0.550000
7.950000
1.800000
1.450000
2.550000
4.690000
0.720000
1.450000
5.450000
2.690000
0.720000
0.550000
0.900000
0.550000
0.550000
0.170000
0.550000
0.550000
0.170000
0.550000
1.450000
1.620000
1.470000
0.170000
2.230000
2.900000
0.550000
1.090000
2.000000
1.620000
1.800000
0.170000
40.840000
0.170000
0.170000
0.570000
0.030000
2.350000
1.820000
13.730000
1.270000
0.170000
1.270000
2.720000
1.790000
0.170000
0.170000
1.100000
0.510000
2.720000
1.450000
0.550000
2.300000
1.250000
0.550000
1.450000
1.070000
0.030000
5.590000
6.460000
0.890000
0.720000
0.750000
0.720000
0.170000
2.780000
1.900000
0.720000
0.230000
0.550000
0.510000
0.340000
0.930000
0.750000
0.170000
14.030000
8.130000
0.580000
0.890000
1.850000
1.170000
0.900000
0.170000
0.890000
0.900000
2.550000
0.900000
2.350000
0.720000
0.030000
7.860000
0.900000
1.790000
1.030000
5.750000
3.260000
0.550000
0.550000
0.030000
1.900000
1.990000
0.170000
0.720000
0.170000
0.890000
0.340000
0.170000
1.780000
1.000000
10.600000
2.350000
25.910000
0.550000
0.890000
0.550000
1.650000
0.550000
1.640000
2.920000
0.900000
1.800000
3.580000
0.720000
0.550000
2.700000
4.670000
0.900000
8.150000
1.800000
2.550000
0.170000
4.010000
1.610000
33.350000
0.170000
1.300000
7.410000
3.560000
20.980000
0.720000
0.030000
23.960000
1.820000
4.470000
7.510000
4.510000
3.430000
0.900000
0.720000
0.090000
0.900000
2.750000
0.720000
0.550000
2.320000
6.150000
2.370000
0.550000
1.850000
1.650000
2.270000
2.690000
3.420000
0.720000
2.340000
1.800000
0.900000
2.000000
10.580000
0.900000
2.900000
0.550000
4.350000
0.510000
0.900000
0.550000
0.900000
19.220000
2.720000
1.270000
0.170000
0.170000
0.550000
1.240000
0.750000
4.570000
9.540000
1.450000
0.720000
1.450000
0.930000
0.550000
519.740000
9.030000
32.970000
14.520000
13.030000
6.560000
0.510000
4.190000
17.630000
3.240000
1.450000
64.530000
0.900000
0.170000
2.630000
0.170000
6.660000
0.900000
0.580000
1.130000
5.060000
0.170000
0.550000
13.590000
0.170000
0.550000
2.090000
0.720000
0.920000
19.960000
0.200000
0.920000
0.550000
0.900000
0.890000
1.800000
0.550000
11.140000
2.710000
0.060000
3.310000
1.070000
0.580000
1.270000
0.170000
0.720000
0.550000
4.730000
0.170000
0.750000
0.900000
1.120000
1.480000
0.900000
2.170000
0.370000
0.550000
1.790000
11.630000
8.650000
0.170000
0.580000
1.060000
0.030000
1.070000
1.450000
11.320000
0.550000
1.120000
0.170000
0.030000
1.300000
0.900000
0.170000
4.760000
3.760000
0.900000
0.900000
1.800000
2.950000
0.550000
1.070000
59.290000
2.340000
6.040000
68.720000
5.440000
16.890000
2.570000
20.830000
0.900000
12.420000
5.040000
1.450000
4.320000
0.170000
146.100000
1.450000
1.070000
165.970000
5.380000
0.030000
0.030000
12.080000
3.730000
1.000000
3.620000
0.930000
12.750000
1.070000
1.790000
0.030000
0.170000
2.960000
1.970000
0.930000
1.070000
1.800000
9.730000
1.240000
1.100000
12.950000
1.270000
0.550000
10.540000
10.650000
2.580000
4.740000
1.620000
7.770000
6.500000
49.850000
2.060000
0.230000
1.450000
2.810000
2.350000
0.550000
1.720000
1.190000
1.070000
1.750000
102.290000
91.370000
8.030000
0.720000
0.720000
7.730000
3.100000
2.030000
3.190000
15.000000
0.720000
12.680000
6.650000
0.550000
1.850000
1.100000
1.800000
0.750000
5.060000
0.550000
0.550000
5.420000
0.170000
0.900000
1.650000
1.800000
0.550000
0.170000
25.520000
2.870000
1.100000
1.800000
2.000000
0.890000
0.900000
4.030000
1.800000
1.100000
18.550000
0.900000
1.450000
0.170000
0.550000
2.520000
31.070000
0.550000
15.540000
0.550000
1.100000
1.100000
4.150000
2.170000
0.340000
1.790000
0.930000
0.900000
3.670000
0.170000
4.400000
1.070000
4.950000
1.100000
0.200000
10.960000
0.550000
0.030000
3.430000
0.170000
2.290000
0.170000
0.290000
19.500000
0.970000
1.100000
44.560000
8.140000
1.450000
1.100000
1.450000
0.900000
0.400000
1.410000
0.400000
4.900000
3.500000
1.070000
0.930000
2.350000
4.720000
0.170000
4.350000
2.350000
43.830000
0.900000
1.580000
1.480000
52.140000
0.550000
0.170000
14.890000
26.580000
0.030000
3.990000
1.270000
55.420000
1.060000
0.900000
0.550000
0.890000
4.140000
0.900000
0.900000
0.170000
0.550000
81.760000
3.200000
0.170000
0.900000
0.170000
0.370000
1.790000
1.640000
0.170000
0.900000
2.200000
78.270000
0.900000
0.170000
5.570000
0.720000
4.500000
0.550000
0.170000
0.900000
2.000000
6.330000
5.030000
1.070000
0.550000
36.070000
0.170000
1.070000
3.250000
0.030000
0.170000
0.550000
1.100000
13.550000
0.580000
2.900000
4.710000
0.550000
6.280000
1.900000
2.690000
7.240000
2.000000
0.550000
4.860000
0.170000
18.060000
0.170000
0.550000
5.580000
2.700000
0.900000
0.720000
0.550000
1.100000
0.900000
0.930000
2.350000
1.790000
1.450000
5.770000
1.800000
0.720000
1.400000
0.170000
1.810000
0.550000
0.890000
0.550000
0.200000
0.900000
0.170000
1.810000
0.900000
2.510000
2.340000
48.930000
56.530000
1.100000
284.530000
7.690000
128.830000
0.720000
10.030000
221.990000
0.200000
0.200000
124.630000
1.100000
0.550000
0.550000
4.700000
0.340000
1.410000
1.500000
1.810000
0.930000
0.900000
0.900000
2.720000
2.350000
0.170000
4.660000
0.550000
0.900000
1.650000
22.590000
2.350000
0.550000
10.460000
1.720000
3.470000
5.360000
5.090000
0.750000
5.690000
0.170000
1.070000
6.650000
0.170000
1.100000
49.660000
0.550000
2.510000
0.170000
1.070000
1.450000
0.720000
1.790000
1.450000
0.550000
1.790000
0.550000
0.550000
0.550000
2.720000
5.080000
1.790000
84.550000
1.820000
0.900000
1.450000
1.410000
1.990000
0.170000
1.410000
0.550000
2.160000
0.170000
1.450000
0.550000
0.550000
2.370000
0.170000
0.170000
1.790000
0.170000
6.470000
1.800000
0.550000
0.900000
0.340000
0.550000
0.170000
0.170000
0.170000
0.900000
0.550000
1.800000
1.790000
0.720000
4.880000
1.300000
0.550000
0.340000
6.890000
5.630000
1.780000
99.140000
14.810000
1.070000
3.240000
126.060000
2.520000
4.140000
0.200000
0.900000
0.900000
0.170000
0.550000
0.170000
0.550000
1.580000
3.820000
4.870000
13.300000
2.170000
0.030000
77.650000
0.900000
14.780000
5.200000
1.610000
1.960000
0.340000
4.470000
1.970000
9.010000
0.900000
0.170000
0.720000
0.340000
2.290000
1.230000
1.070000
0.510000
0.340000
0.170000
2.200000
0.900000
3.250000
0.170000
0.200000
0.550000
1.450000
0.170000
0.170000
1.270000
4.160000
0.900000
13.460000
0.900000
1.070000
0.170000
5.240000
0.720000
0.720000
0.930000
0.170000
2.690000
1.450000
0.550000
0.900000
2.000000
2.000000
0.900000
1.070000
5.060000
3.970000
0.170000
5.790000
1.790000
0.550000
2.200000
1.960000
0.900000
6.300000
1.070000
2.750000
0.900000
1.230000
0.580000
2.340000
1.070000
0.550000
8.830000
2.290000
1.650000
1.650000
6.680000
10.830000
11.360000
13.880000
15.170000
81.070000
92.620000
3.060000
11.880000
113.500000
7.940000
5.930000
8.280000
3.100000
19.850000
158.340000
105.060000
26.050000
265.610000
13.360000
19.750000
23.360000
44.270000
1.450000
56.930000
35.400000
10.480000
3.640000
5.360000
2.510000
4.330000
1.960000
2.350000
0.030000
0.580000
1.070000
0.170000
0.170000
1.270000
6.150000
1.070000
29.010000
14.620000
0.170000
0.890000
17.460000
2.870000
4.640000
0.200000
3.990000
1.270000
1.070000
0.170000
1.650000
1.270000
34.470000
1.560000
0.550000
0.550000
1.800000
4.150000
1.620000
0.900000
0.030000
0.230000
0.030000
13.910000
0.400000
0.780000
1.240000
0.900000
1.790000
1.100000
0.170000
1.800000
7.690000
0.720000
0.170000
34.280000
1.450000
0.550000
1.240000
0.550000
1.100000
0.170000
1.450000
1.450000
7.010000
3.700000
0.170000
0.720000
0.200000
1.960000
2.030000
1.440000
1.170000
0.170000
2.560000
0.200000
0.900000
0.550000
9.680000
0.170000
1.430000
0.340000
0.030000
50.220000
16.080000
42.510000
4.450000
12.830000
17.120000
18.030000
50.800000
26.140000
8.020000
6.720000
0.200000
0.910000
2.610000
3.060000
2.060000
1.130000
0.170000
0.170000
1.070000
1.800000
3.950000
0.170000
1.600000
1.620000
2.350000
4.300000
0.170000
6.230000
0.750000
0.920000
0.170000
0.370000
2.140000
4.190000
0.170000
0.170000
0.400000
1.270000
0.550000
1.310000
0.030000
1.200000
0.170000
8.850000
0.030000
0.900000
0.550000
0.340000
11.360000
2.000000
0.170000
7.750000
1.610000
44.070000
1.070000
58.860000
7.550000
10.760000
0.030000
1.230000
4.100000
0.900000
0.170000
11.060000
3.810000
4.880000
3.970000
1.620000
7.970000
0.550000
1.060000
1.450000
0.550000
7.590000
6.850000
8.370000
6.350000
4.300000
6.870000
3.020000
1.070000
0.030000
2.150000
0.170000
57.970000
0.720000
0.170000
1.240000
2.170000
3.060000
3.470000
3.780000
1.100000
0.720000
0.170000
1.570000
2.160000
9.200000
7.060000
9.610000
0.170000
1.100000
1.640000
3.660000
3.070000
1.450000
6.880000
0.900000
2.220000
2.800000
1.440000
2.350000
1.100000
9.420000
1.100000
3.590000
15.120000
0.850000
3.440000
1.070000
0.550000
58.600000
25.550000
6.680000
0.720000
3.520000
1.000000
1.300000
2.990000
2.680000
2.170000
0.680000
2.460000
0.720000
0.850000
5.040000
0.550000
0.720000
1.270000
2.000000
2.570000
1.060000
0.550000
0.680000
7.260000
7.600000
1.950000
3.810000
3.090000
1.650000
0.550000
4.400000
0.170000
4.150000
0.550000
1.270000
20.840000
1.020000
3.450000
1.960000
0.550000
0.030000
12.950000
1.130000
2.300000
0.720000
3.790000
30.270000
0.920000
19.920000
4.230000
0.170000
3.990000
2.370000
2.170000
2.900000
3.490000
4.310000
10.580000
1.270000
1.100000
0.170000
4.920000
8.000000
0.030000
2.900000
0.170000
6.270000
1.450000
6.130000
0.580000
0.890000
2.340000
24.830000
1.070000
4.170000
1.100000
3.240000
0.510000
2.520000
0.550000
0.890000
17.310000
1.620000
116.630000
1.820000
3.450000
1.100000
0.550000
4.170000
2.720000
1.990000
3.970000
0.550000
5.440000
0.170000
0.550000
3.270000
3.100000
1.230000
0.170000
4.710000
2.260000
11.940000
0.900000
1.270000
2.370000
0.550000
9.020000
2.170000
28.640000
1.440000
1.100000
2.530000
5.840000
1.440000
60.870000
4.880000
8.100000
2.900000
10.090000
2.120000
1.790000
2.790000
51.030000
104.380000
13.600000
7.340000
442.750000
1.070000
6.580000
164.120000
114.930000
137.370000
5.050000
9.020000
5.240000
2.840000
12.380000
3.060000
9.060000
57.960000
37.830000
2.040000
1.070000
0.900000
2.160000
0.900000
0.900000
13.930000
11.070000
66.340000
2.740000
2.450000
1.550000
0.170000
2.550000
0.900000
1.410000
0.920000
6.140000
4.590000
0.170000
2.350000
0.900000
0.030000
3.020000
7.050000
1.270000
0.900000
1.100000
21.080000
0.170000
4.320000
3.790000
7.750000
1.060000
0.550000
1.450000
0.900000
3.830000
3.230000
13.910000
1.450000
1.450000
1.130000
0.900000
1.800000
3.250000
0.900000
3.260000
0.900000
0.550000
109.020000
4.700000
0.170000
2.540000
2.890000
4.720000
0.170000
0.340000
1.000000
0.550000
56.470000
1.800000
3.960000
0.550000
7.210000
1.970000
0.170000
1.240000
0.170000
10.500000
3.030000
0.900000
1.620000
0.900000
2.700000
0.200000
0.900000
0.720000
1.450000
1.970000
1.800000
1.480000
1.000000
1.100000
1.620000
83.330000
3.970000
64.020000
0.900000
0.550000
15.030000
0.900000
0.550000
0.340000
3.250000
0.030000
0.030000
3.800000
1.070000
0.550000
0.890000
0.900000
38.650000
0.890000
0.720000
0.900000
2.340000
0.200000
2.550000
0.900000
1.620000
0.170000
1.900000
4.120000
2.490000
8.470000
0.170000
0.170000
2.060000
2.520000
1.750000
0.720000
1.470000
87.790000
3.450000
0.030000
3.440000
4.000000
9.310000
0.900000
1.440000
0.900000
1.070000
18.660000
3.060000
0.340000
4.120000
47.110000
66.720000
3.410000
1.100000
0.550000
0.550000
0.170000
0.930000
0.340000
0.340000
3.980000
3.240000
0.930000
27.550000
1.410000
0.720000
2.170000
1.100000
0.510000
1.070000
8.590000
4.490000
18.610000
0.550000
2.340000
0.900000
3.660000
0.720000
2.170000
6.480000
4.820000
1.100000
0.030000
2.190000
1.100000
0.510000
0.170000
1.410000
1.100000
0.900000
1.800000
1.470000
0.550000
0.550000
0.900000
5.320000
1.620000
0.510000
0.550000
0.720000
0.340000
0.550000
5.710000
0.340000
0.900000
2.890000
0.510000
0.550000
2.350000
0.720000
0.170000
6.830000
1.790000
1.800000
1.100000
0.170000
5.970000
0.550000
0.340000
0.170000
1.600000
1.070000
4.790000
0.890000
1.780000
0.720000
5.610000
1.070000
1.100000
0.170000
1.450000
0.900000
1.060000
0.510000
0.900000
1.480000
0.170000
78.740000
0.030000
0.900000
1.610000
3.030000
2.160000
4.200000
0.550000
0.170000
3.960000
1.620000
1.960000
0.170000
4.570000
1.450000
2.790000
0.550000
0.900000
3.840000
3.060000
5.030000
2.130000
0.720000
0.720000
0.170000
0.900000
0.170000
0.900000
41.610000
1.440000
3.070000
0.170000
36.270000
74.990000
3.230000
1.260000
280.670000
0.890000
20.100000
3.930000
20.100000
118.100000
30.630000
18.810000
11.820000
8.930000
11.820000
23.360000
3.810000
45.430000
92.460000
64.660000
67.790000
55.830000
121.070000
1.440000
1.070000
1.800000
4.500000
0.550000
3.250000
6.950000
0.900000
2.750000
0.550000
0.170000
0.900000
0.170000
0.170000
4.320000
0.550000
0.900000
0.170000
0.550000
2.670000
2.310000
0.550000
1.540000
1.100000
0.550000
14.000000
2.890000
11.550000
0.900000
15.150000
1.900000
4.350000
1.100000
1.450000
12.170000
1.100000
0.900000
0.550000
0.170000
12.760000
3.410000
0.170000
3.250000
10.720000
0.170000
4.690000
3.350000
5.180000
4.010000
0.550000
25.140000
2.580000
16.880000
1.000000
5.340000
12.990000
9.750000
6.740000
1.440000
1.270000
1.830000
1.000000
4.690000
0.170000
1.780000
0.170000
7.270000
0.170000
12.030000
0.170000
2.350000
2.580000
0.720000
2.510000
1.970000
1.260000
1.100000
0.550000
1.000000
0.900000
2.690000
2.370000
0.550000
1.070000
4.520000
7.600000
0.900000
1.790000
3.070000
0.550000
1.800000
1.820000
1.130000
0.750000
2.000000
3.450000
1.720000
5.840000
2.130000
0.550000
0.720000
3.820000
0.550000
0.900000
1.100000
1.450000
2.510000
0.720000
0.170000
0.900000
0.900000
3.100000
14.940000
8.740000
12.760000
13.470000
17.290000
0.720000
3.470000
169.750000
2.450000
1.620000
74.250000
68.470000
0.340000
11.900000
2.000000
1.620000
0.550000
1.450000
1.070000
2.900000
3.410000
42.550000
0.900000
0.900000
0.170000
0.170000
12.210000
0.170000
1.060000
1.450000
3.780000
0.550000
0.900000
8.180000
2.350000
2.480000
0.170000
3.410000
0.170000
0.370000
0.900000
0.170000
3.810000
1.070000
2.300000
1.240000
2.170000
0.510000
0.170000
0.720000
0.890000
0.550000
0.550000
1.410000
0.900000
0.340000
1.450000
0.550000
0.550000
0.900000
7.910000
0.720000
1.620000
0.170000
6.320000
1.830000
0.200000
12.080000
4.030000
0.170000
0.170000
0.170000
3.240000
13.310000
1.070000
4.320000
19.270000
2.510000
0.550000
7.180000
0.170000
0.170000
0.550000
19.780000
54.200000
0.060000
0.550000
2.000000
0.550000
19.260000
0.580000
2.520000
1.450000
0.340000
1.810000
0.550000
0.170000
1.100000
0.720000
0.900000
0.550000
10.810000
2.680000
2.170000
13.730000
5.940000
4.440000
2.230000
2.350000
0.340000
0.900000
0.900000
0.550000
1.820000
0.550000
2.730000
0.900000
3.760000
12.450000
0.900000
0.550000
27.090000
0.900000
2.350000
5.900000
2.130000
57.120000
1.080000
0.550000
18.630000
9.590000
0.030000
1.610000
0.900000
1.300000
1.270000
0.900000
0.900000
2.700000
1.100000
0.340000
0.060000
0.200000
3.250000
10.250000
2.350000
1.070000
5.910000
2.520000
49.250000
92.360000
0.030000
1.070000
2.000000
2.130000
1.650000
0.550000
0.170000
1.600000
1.100000
0.550000
0.550000
2.570000
2.020000
2.120000
0.170000
1.990000
4.550000
58.540000
55.260000
0.900000
3.800000
1.710000
2.500000
2.580000
1.780000
1.450000
0.550000
2.350000
2.030000
0.900000
0.170000
12.280000
1.100000
3.120000
3.250000
2.700000
0.550000
4.840000
0.550000
3.770000
0.170000
4.370000
0.720000
0.550000
0.510000
0.550000
5.070000
4.510000
1.800000
7.560000
2.450000
10.580000
0.720000
1.270000
0.550000
113.930000
53.570000
14.110000
5.050000
73.860000
29.590000
0.900000
1.650000
2.700000
4.010000
30.510000
1.640000
1.270000
16.640000
0.550000
0.550000
82.770000
3.300000
1.070000
9.050000
0.170000
6.350000
9.390000
1.270000
3.790000
0.900000
0.720000
13.350000
6.710000
8.340000
1.270000
11.350000
0.550000
0.890000
0.170000
3.450000
19.880000
11.930000
0.170000
1.100000
5.600000
4.160000
2.700000
0.170000
5.850000
2.340000
11.790000
21.770000
0.170000
2.200000
2.350000
1.440000
12.370000
2.540000
2.160000
4.140000
30.250000
4.190000
9.580000
1.900000
0.550000
10.300000
7.620000
4.250000
2.350000
1.850000
9.890000
2.710000
0.170000
2.540000
12.480000
3.220000
6.060000
0.550000
0.720000
1.650000
16.590000
4.340000
2.930000
5.830000
7.600000
6.450000
0.170000
0.030000
1.170000
8.890000
601.840000
286.020000
0.720000
279.080000
5.100000
6.000000
1229.300000
330.320000
3.750000
88.870000
43.480000
9.070000
174.520000
2.170000
24.840000
17.580000
1.100000
0.890000
6.150000
20.330000
19.400000
6.870000
19.400000
66.580000
5.030000
9.920000
0.170000
6.520000
0.540000
0.900000
117.890000
2.510000
0.720000
0.170000
0.170000
0.550000
0.170000
14.090000
0.890000
0.720000
0.720000
0.720000
1.400000
0.550000
0.170000
1.060000
0.890000
0.170000
1.410000
0.170000
0.550000
8.150000
0.900000
0.900000
6.860000
14.090000
98.000000
0.170000
0.170000
0.340000
0.170000
0.170000
0.340000
17.860000
2.300000
0.340000
3.360000
1.410000
102.140000
175.360000
8.460000
6.160000
4.120000
0.900000
0.170000
0.170000
0.170000
0.170000
3.240000
2.000000
1.450000
3.410000
0.550000
2.690000
0.170000
2.860000
69.420000
0.900000
2.520000
2.690000
0.170000
2.350000
0.170000
1.480000
0.550000
3.100000
3.270000
1.480000
3.400000
0.170000
1.100000
1.960000
45.560000
63.430000
13.440000
0.550000
0.550000
0.920000
1.470000
0.550000
6.690000
0.720000
11.650000
0.900000
0.170000
2.890000
0.510000
0.170000
0.340000
2.890000
0.170000
0.170000
0.340000
11.690000
2.170000
8.450000
1.100000
0.550000
0.550000
0.340000
7.560000
2.940000
3.410000
20.870000
0.550000
0.550000
0.550000
0.550000
2.170000
0.550000
1.840000
0.340000
1.450000
0.900000
0.170000
1.620000
5.220000
4.870000
1.650000
4.350000
1.820000
13.270000
2.380000
1.100000
1.100000
2.790000
2.000000
9.670000
0.340000
0.510000
2.000000
26.050000
2.140000
0.550000
5.770000
0.170000
1.960000
10.830000
1.790000
0.550000
6.290000
3.420000
2.200000
1.960000
0.170000
24.710000
6.500000
89.260000
42.020000
1.070000
6.660000
14.580000
66.840000
5.930000
0.580000
2.360000
25.230000
0.030000
0.550000
0.170000
0.550000
0.550000
0.370000
0.170000
0.550000
4.190000
5.560000
1.960000
2.200000
0.030000
1.270000
1.050000
7.680000
5.030000
78.810000
81.350000
2.890000
3.700000
2.350000
6.600000
236.560000
96.100000
0.900000
4.320000
0.030000
390.680000
8.490000
5.390000
0.030000
28.730000
4.480000
5.030000
34.890000
9.350000
152.280000
2.000000
0.030000
7.520000
146.770000
0.890000
74.280000
21.880000
8.530000
57.680000
7.370000
1.070000
4.320000
20.060000
0.550000
0.170000
3.960000
1.650000
0.510000
1.100000
3.190000
1.620000
54.960000
3.820000
0.900000
3.790000
52.320000
14.270000
4.020000
10.400000
16.060000
3.760000
1.780000
2.340000
7.010000
1.620000
0.170000
2.350000
0.900000
1.060000
0.170000
20.550000
4.150000
2.690000
3.260000
3.410000
7.560000
3.420000
3.420000
1.260000
1.450000
1.260000
1.750000
2.170000
49.360000
5.810000
1.070000
11.470000
22.780000
0.550000
0.720000
1.990000
1.100000
1.550000
2.000000
4.020000
0.720000
3.450000
0.550000
5.420000
2.890000
1.840000
0.550000
0.550000
0.550000
0.550000
0.550000
1.270000
0.720000
0.550000
0.550000
0.550000
0.550000
0.550000
0.550000
0.550000
0.900000
0.900000
65.860000
3.790000
2.390000
1.450000
0.550000
0.550000
1.470000
0.550000
0.550000
9.560000
1.240000
0.680000
8.940000
8.120000
8.460000
0.550000
5.390000
2.170000
1.240000
0.170000
1.070000
0.510000
0.510000
8.940000
0.170000
8.770000
7.780000
7.780000
2.510000
44.450000
15.270000
1.070000
3.590000
2.900000
10.450000
20.220000
2.340000
13.710000
0.900000
3.100000
0.550000
0.550000
1.240000
0.900000
1.450000
0.900000
1.450000
0.550000
1.450000
0.900000
0.170000
0.900000
0.900000
14.600000
0.900000
1.620000
0.170000
0.720000
44.210000
0.550000
0.170000
15.320000
14.250000
0.900000
0.510000
4.350000
0.550000
3.100000
16.600000
4.110000
10.250000
0.170000
0.900000
2.900000
2.000000
1.070000
0.170000
2.920000
0.170000
5.390000
0.170000
0.170000
0.900000
0.720000
0.170000
0.720000
0.720000
3.240000
1.270000
0.170000
0.720000
0.170000
7.040000
0.900000
0.890000
1.820000
1.960000
7.700000
1.830000
0.030000
0.170000
0.890000
1.270000
1.970000
0.170000
9.680000
2.700000
7.970000
1.060000
6.310000
1.970000
38.570000
2.730000
4.460000
1.620000
25.230000
10.190000
0.170000
1.990000
17.040000
0.780000
0.720000
1.410000
13.110000
1.950000
1.580000
2.020000
13.270000
0.170000
0.720000
0.510000
0.550000
0.170000
0.900000
1.240000
0.170000
0.170000
0.720000
0.550000
0.580000
0.510000
0.510000
4.090000
0.550000
0.170000
0.900000
0.170000
0.550000
0.170000
0.510000
0.340000
0.170000
74.700000
0.170000
74.540000
2.870000
1.810000
1.170000
1.870000
0.340000
0.900000
3.220000
2.380000
0.170000
0.170000
0.900000
3.230000
4.140000
2.870000
157.900000
358.490000
11.350000
2.000000
5.380000
0.600000
51.770000
2.870000
7.710000
6.500000
4.700000
1.100000
2.680000
0.720000
0.720000
0.550000
2.720000
2.920000
2.170000
0.510000
3.610000
2.540000
4.680000
2.890000
65.350000
1.450000
0.170000
0.900000
1.270000
1.440000
0.550000
1.610000
9.730000
4.550000
2.170000
1.450000
2.330000
0.900000
5.380000
2.370000
10.230000
2.860000
44.710000
7.600000
0.510000
0.030000
0.170000
6.110000
2.000000
3.200000
1.070000
6.120000
0.340000
13.700000
0.370000
0.900000
2.200000
2.000000
30.650000
8.690000
4.140000
1.620000
0.720000
1.790000
0.170000
2.000000
3.810000
1.300000
10.340000
10.810000
0.920000
147.450000
54.570000
77.660000
5.770000
5.220000
3.400000
0.720000
1.070000
4.420000
0.340000
1.330000
27.000000
6.470000
0.900000
0.900000
16.650000
2.690000
32.480000
2.510000
22.360000
1.610000
7.270000
1.070000
1.450000
4.680000
0.170000
0.720000
2.200000
3.470000
0.900000
1.620000
25.210000
1.830000
3.250000
27.460000
7.390000
0.900000
2.700000
0.950000
5.250000
1.990000
24.730000
35.930000
8.890000
0.580000
8.520000
29.640000
0.550000
1.990000
0.900000
0.720000
0.030000
1.130000
4.660000
0.930000
0.900000
0.900000
1.070000
1.300000
89.450000
4.690000
0.170000
2.970000
27.300000
4.510000
3.060000
1.820000
9.740000
24.900000
2.550000
2.750000
0.030000
3.050000
24.580000
13.010000
0.550000
1.610000
0.550000
98.240000
23.730000
0.200000
321.160000
1.270000
0.550000
0.540000
6.340000
0.900000
0.170000
0.900000
0.170000
91.370000
47.560000
0.170000
0.340000
0.900000
0.170000
70.120000
101.620000
6.470000
0.720000
0.900000
0.170000
0.170000
7.090000
3.120000
2.130000
2.650000
0.170000
0.550000
3.350000
1.240000
20.190000
0.550000
15.900000
2.870000
1.790000
1.070000
0.170000
1.240000
1.620000
8.280000
0.170000
0.170000
6.700000
2.970000
4.070000
1.100000
28.320000
6.880000
0.720000
63.910000
76.010000
14.570000
5.810000
0.540000
0.090000
0.900000
0.900000
0.900000
2.690000
23.960000
0.890000
66.660000
5.830000
20.430000
15.980000
27.050000
4.270000
4.370000
1.070000
1.270000
0.900000
4.790000
0.170000
0.170000
2.470000
1.030000
0.890000
0.340000
0.550000
2.310000
19.280000
0.890000
21.330000
5.960000
0.900000
0.170000
0.720000
0.170000
1.970000
9.260000
6.660000
1.020000
0.340000
2.170000
0.550000
0.720000
29.980000
0.060000
9.300000
10.150000
46.830000
42.110000
1.230000
1.650000
1.300000
5.440000
1.650000
1.070000
0.550000
6.270000
0.720000
1.100000
8.320000
1.100000
0.900000
0.550000
11.860000
4.850000
0.720000
0.170000
0.550000
9.010000
5.290000
127.540000
0.750000
119.980000
0.550000
2.890000
2.340000
1.270000
1.270000
0.550000
194.480000
8.250000
9.510000
1.790000
0.610000
1.070000
23.240000
1.410000
2.350000
2.350000
8.030000
6.310000
1.000000
0.900000
1.000000
5.440000
0.340000
2.340000
7.070000
3.620000
2.970000
1.000000
3.100000
3.100000
2.520000
0.170000
0.170000
6.190000
5.640000
1.620000
0.170000
4.670000
3.430000
0.170000
0.550000
50.070000
110.220000
49.720000
24.510000
18.950000
0.550000
0.550000
349.960000
189.040000
4.200000
322.260000
3.300000
2.170000
0.170000
50.580000
3.200000
48.210000
5.710000
26.510000
2.120000
0.170000
0.200000
4.180000
0.900000
2.030000
0.370000
0.030000
0.550000
2.000000
1.450000
10.850000
10.850000
6.700000
0.900000
50.260000
100.380000
11.210000
7.760000
641.850000
16.390000
10.020000
8.570000
181.030000
4.120000
13.990000
16.690000
19.110000
0.170000
252.290000
12.320000
32.270000
3.450000
1.800000
0.550000
47.860000
4.670000
10.970000
106.690000
19.970000
0.900000
10.670000
177.820000
71.280000
170.710000
1.450000
99.270000
449.820000
418.690000
2.550000
6.480000
94.090000
77.280000
19.020000
11.990000
222.870000
1.000000
7.120000
32.120000
9.030000
7.960000
5.850000
45.520000
7.210000
2.480000
36.570000
18.900000
2.540000
1.100000
0.170000
0.550000
0.550000
0.550000
102.790000
2.500000
7.350000
8.250000
1.230000
0.200000
1.300000
12.940000
9.160000
8.640000
1.450000
10.270000
0.170000
1.100000
9.540000
2.710000
1.270000
2.850000
3.100000
0.550000
2.540000
1.100000
1.100000
1.440000
7.720000
21.060000
10.690000
2.030000
11.150000
4.170000
7.990000
7.990000
4.160000
4.000000
3.050000
1.780000
18.650000
15.580000
6.690000
0.550000
0.550000
1.070000
4.520000
90.360000
1.650000
972.260000
206.820000
165.850000
29.420000
1.070000
0.900000
2.090000
0.550000
0.550000
0.900000
2.890000
2.700000
0.900000
608.470000
1.270000
9.170000
27.540000
4.240000
0.510000
0.740000
0.890000
18.070000
2.170000
2.330000
0.900000
0.200000
0.340000
0.170000
6.640000
2.850000
3.420000
2.880000
0.900000
1.970000
2.540000
0.340000
1.270000
0.170000
55.940000
28.010000
0.170000
2.000000
0.170000
7.790000
0.720000
2.890000
2.020000
5.620000
34.870000
1.610000
0.720000
13.040000
1.100000
0.340000
0.550000
37.820000
129.620000
1.790000
49.930000
1.070000
0.900000
1.070000
13.150000
24.800000
3.260000
5.020000
1.450000
0.900000
0.900000
1.620000
1.070000
0.550000
1.070000
0.170000
1.070000
1.970000
0.900000
0.170000
2.870000
3.200000
2.480000
196.800000
327.270000
1.450000
18.930000
5.270000
209.620000
209.420000
0.550000
0.170000
0.550000
646.020000
3.210000
1.620000
0.720000
1.440000
36.030000
0.900000
0.680000
1.620000
0.170000
0.900000
0.170000
0.550000
370.370000
0.060000
0.060000
0.900000
1.620000
0.960000
1.070000
63.010000
109.050000
2.300000
0.720000
0.340000
1.790000
2.740000
1.680000
0.900000
127.570000
82.910000
78.920000
0.900000
3.060000
14.300000
16.490000
62.150000
1.450000
1.270000
1.100000
390.380000
438.130000
206.590000
11.330000
1.610000
12.370000
77.000000
301.470000
6.550000
7.210000
9.020000
1.970000
176.970000
6.970000
0.900000
2.720000
1.620000
0.170000
0.900000
4.510000
2.510000
1.070000
1.450000
227.120000
14.850000
0.170000
0.170000
1.450000
2.170000
1.270000
45.400000
0.340000
3.800000
6.470000
0.900000
0.890000
3.410000
0.900000
5.960000
2.370000
0.900000
0.170000
1.100000
0.170000
29.710000
0.900000
0.170000
0.170000
1.800000
0.900000
4.670000
1.070000
1.200000
0.540000
706.870000
336.170000
0.200000
1213.480000
0.340000
8.390000
24.770000
15.410000
62.820000
0.550000
0.550000
2.680000
576.910000
2.060000
3.620000
2.120000
2.540000
1.650000
7.100000
14.100000
4.990000
4.440000
5.750000
2.170000
0.550000
0.900000
3.230000
0.170000
11.620000
3.990000
2.720000
1.190000
7.430000
0.930000
7.040000
0.550000
4.150000
1.800000
23.230000
6.800000
0.170000
32.740000
3.820000
1.070000
9.660000
0.170000
0.340000
0.900000
0.170000
2.990000
3.770000
1.450000
1.450000
2.670000
4.410000
0.170000
28.380000
0.900000
0.890000
0.550000
0.200000
1.780000
0.370000
2.770000
0.170000
4.930000
1.130000
0.170000
1.130000
25.210000
1.780000
0.550000
0.900000
0.710000
23.970000
0.340000
0.170000
0.900000
0.900000
1.000000
0.340000
1.930000
0.200000
0.170000
0.060000
72.100000
0.510000
1.800000
0.340000
0.170000
1.020000
0.170000
0.710000
0.170000
1.000000
1.200000
1.000000
0.810000
0.580000
0.580000
0.200000
1.070000
2.450000
0.030000
0.510000
0.170000
0.340000
2.000000
0.720000
1.570000
0.340000
0.030000
0.170000
0.200000
0.030000
1.720000
113.290000
0.720000
1.570000
0.170000
1.240000
0.200000
0.510000
0.170000
8.010000
3.990000
2.340000
1.950000
1.230000
0.340000
11.390000
0.170000
5.030000
1.090000
0.030000
1.240000
6.970000
0.550000
0.170000
0.170000
0.170000
4.060000
0.170000
1.820000
514.820000
2.130000
27.410000
29.230000
56.170000
12.450000
7.270000
6.630000
1.000000
5.600000
0.550000
1.000000
0.720000
91.320000
7.530000
4.680000
13.250000
7.450000
1.030000
2.800000
1.000000
1.740000
0.170000
0.890000
1.060000
3.990000
1.090000
0.060000
1.030000
7.490000
27.720000
1.550000
1.030000
45.340000
1.000000
0.170000
0.550000
0.550000
5.690000
0.900000
0.900000
17.020000
0.550000
3.000000
2.000000
93.560000
307.080000
4.350000
0.170000
112.260000
70.270000
1.090000
3.820000
4.930000
1050.540000
642.130000
3.990000
1.130000
0.550000
0.170000
0.900000
0.550000
19.650000
0.720000
0.550000
2.500000
499.530000
4.300000
1.100000
0.170000
1.270000
0.550000
98.020000
1.790000
2.350000
1.480000
0.170000
4.200000
24.010000
7.100000
1647.750000
693.990000
921.410000
0.340000
3.030000
240.070000
1.010000
0.720000
0.090000
0.340000
0.170000
1.070000
1.480000
0.550000
17.520000
0.890000
5.120000
1.030000
86.490000
87.560000
3.970000
3.970000
0.900000
0.900000
0.060000
0.900000
2.310000
7.470000
0.710000
0.550000
2.340000
7.920000
1.740000
3.610000
127.640000
33.690000
1.120000
6.220000
8.130000
0.030000
7.930000
0.170000
20.020000
1.800000
4.320000
2.900000
0.550000
0.550000
0.170000
0.900000
3.530000
1.960000
0.170000
10.780000
1.620000
1.070000
0.550000
1.120000
0.900000
0.170000
8.340000
5.820000
2.170000
0.900000
237.070000
2.780000
1.130000
1.100000
0.550000
1.800000
2.720000
1.130000
1.060000
2.350000
1.070000
175.170000
0.950000
2.850000
0.230000
12.930000
1.790000
0.030000
1.100000
1.450000
0.550000
2.200000
4.500000
2.350000
5.760000
5.070000
3.970000
3.270000
236.690000
6.490000
1.450000
2.340000
3.410000
2.170000
5.270000
0.550000
2.550000
1.450000
0.550000
0.550000
3.250000
4.900000
2.350000
0.900000
4.030000
41.420000
2.860000
61.380000
2.000000
0.550000
0.030000
5.100000
2.030000
0.890000
0.340000
0.170000
0.170000
0.550000
0.900000
0.550000
0.170000
0.720000
1.270000
0.170000
0.720000
1.650000
0.720000
1.500000
0.170000
3.600000
2.350000
1.800000
1.240000
1.010000
10.990000
5.590000
23.520000
7.210000
1.450000
1.550000
1.450000
1.440000
0.550000
0.550000
4.470000
19.330000
3.570000
0.510000
1.270000
1.270000
1.060000
4.300000
5.150000
0.630000
4.170000
2.790000
0.930000
0.550000
0.770000
0.170000
0.900000
9.320000
0.030000
0.930000
0.340000
1.800000
0.900000
0.900000
8.140000
33.360000
0.900000
0.550000
2.160000
0.340000
2.690000
0.550000
2.200000
1.100000
0.900000
18.730000
0.890000
14.960000
2.370000
0.550000
1.250000
12.770000
29.270000
9.000000
7.020000
3.830000
1.450000
2.720000
1.070000
12.480000
0.580000
2.200000
37.640000
3.470000
3.300000
0.200000
1.800000
2.200000
1.270000
6.710000
28.660000
2.690000
1.070000
2.250000
18.850000
24.750000
0.170000
1.800000
5.670000
0.340000
4.470000
2.170000
0.170000
0.440000
1.720000
0.900000
0.340000
0.720000
1.650000
4.390000
1.610000
2.370000
0.170000
2.130000
0.340000
1.060000
0.170000
0.170000
0.170000
5.410000
1.620000
34.610000
2.090000
0.890000
3.070000
1.710000
2.720000
0.170000
3.580000
7.420000
7.060000
0.930000
1.230000
0.750000
13.980000
3.770000
0.510000
0.370000
1.990000
0.720000
5.230000
1.440000
0.170000
3.000000
5.440000
0.550000
0.550000
25.690000
1.800000
5.300000
0.890000
0.900000
2.170000
4.720000
1.450000
1.000000
1.380000
2.860000
4.680000
1.450000
0.900000
0.170000
0.750000
1.580000
0.900000
14.550000
2.900000
2.920000
0.170000
0.900000
1.640000
0.920000
223.970000
156.380000
7.240000
7.240000
0.030000
4.350000
2.560000
0.060000
2.520000
0.170000
0.930000
1.450000
0.900000
1.060000
1.740000
12.490000
0.920000
0.720000
2.270000
3.430000
0.900000
1.000000
4.690000
446.060000
5.670000
3.700000
5.460000
1.300000
4.180000
1.260000
2.370000
405.560000
0.550000
0.580000
0.900000
0.900000
0.900000
5.590000
0.550000
0.900000
3.070000
2.350000
0.340000
0.170000
0.750000
0.170000
6.170000
3.580000
2.000000
9.580000
0.370000
0.340000
0.900000
0.720000
1.640000
0.030000
1.300000
4.350000
0.030000
12.250000
2.320000
1.230000
2.000000
0.170000
0.370000
1.620000
0.580000
1.070000
28.330000
0.750000
1.000000
0.170000
2.600000
0.340000
0.550000
1.360000
19.100000
34.400000
0.170000
4.460000
2.800000
594.770000
0.170000
0.170000
2.620000
0.200000
17.690000
15.690000
14.790000
0.550000
2.350000
1.450000
1.450000
2.580000
0.720000
0.370000
49.270000
77.910000
0.890000
0.900000
940.370000
854.610000
0.540000
0.550000
8.770000
175.760000
195.550000
3.600000
5.730000
0.170000
12.620000
105.250000
0.170000
7.770000
1.090000
1.060000
2.750000
9.300000
2.170000
4.620000
7.400000
4.000000
2.550000
0.550000
0.900000
0.900000
3.820000
1.270000
0.170000
0.960000
4.670000
5.390000
26.850000
1.060000
1.610000
22.140000
0.900000
0.510000
0.170000
0.290000
0.200000
0.550000
0.550000
2.330000
5.570000
4.120000
0.170000
10.910000
39.060000
3.190000
0.550000
12.330000
3.360000
0.200000
20.640000
907.070000
134.310000
0.900000
99.560000
19.650000
0.170000
9.230000
1.400000
1.070000
0.720000
0.550000
2.070000
2.520000
1.800000
3.270000
1.970000
16.030000
66.040000
59.840000
2.320000
0.170000
3.270000
0.030000
0.550000
3.380000
0.170000
0.400000
2.730000
0.170000
0.550000
3.600000
0.170000
0.720000
0.170000
1.270000
3.030000
3.330000
0.170000
105.180000
9.460000
3.790000
3.470000
0.720000
2.680000
0.170000
1.440000
0.510000
2.120000
19.360000
1.990000
0.900000
0.550000
2.340000
0.900000
1.100000
2.330000
384.750000
4.140000
2.200000
9.320000
25.860000
4.910000
0.030000
7.350000
1.790000
0.720000
0.550000
3.250000
1.800000
195.040000
5.810000
0.510000
0.200000
0.170000
2.000000
0.170000
2.020000
0.170000
1.270000
42.700000
0.340000
0.900000
0.710000
1.060000
0.170000
1.790000
1.970000
0.170000
1.600000
8.130000
39.590000
3.060000
1.090000
0.720000
0.720000
0.170000
1.070000
8.160000
11.910000
6.860000
3.790000
2.520000
4.620000
3.000000
0.170000
3.800000
2.000000
39.810000
0.170000
0.720000
3.620000
1.620000
22.880000
0.170000
0.170000
0.170000
0.170000
4.790000
4.790000
0.170000
1.270000
1.000000
1944.910000
1147.340000
19.630000
0.900000
0.550000
1.100000
0.900000
364.560000
362.820000
4.880000
3.940000
3.940000
1.450000
7.380000
0.170000
1.820000
0.890000
2.170000
5.260000
2.370000
1.820000
2.390000
0.770000
0.570000
0.170000
0.170000
0.030000
0.720000
0.720000
0.890000
0.550000
1.100000
0.340000
0.340000
8.720000
2.680000
0.890000
0.340000
16.290000
1.390000
1.990000
11.700000
6.470000
7.910000
2.170000
2.500000
2.340000
0.170000
2.300000
0.510000
7.350000
3.070000
1.070000
248.530000
255.070000
0.340000
4.140000
21.980000
0.170000
3.420000
9.960000
2.550000
17.640000
0.060000
66.740000
65.270000
2.130000
59.620000
8.320000
0.200000
12.720000
2.510000
1.450000
4.190000
22.650000
0.900000
5.490000
2.000000
0.550000
15.110000
0.550000
1.650000
0.550000
15.780000
731.830000
1118.340000
0.170000
10.110000
2.540000
2.840000
0.170000
1.240000
8.110000
3.730000
3.970000
0.720000
3.250000
4.150000
4.150000
0.170000
0.550000
1.750000
0.030000
0.170000
1.710000
99.260000
0.340000
0.170000
0.550000
0.170000
0.340000
124.930000
0.540000
1.100000
1.100000
0.340000
4.520000
0.850000
2.670000
2.520000
1.440000
6.500000
1.070000
4.880000
2.720000
1.650000
13.640000
0.370000
5.980000
4.500000
2.790000
2.030000
1.480000
0.900000
1.100000
4.480000
1.240000
0.030000
0.170000
1.240000
0.170000
1.240000
0.170000
0.170000
1.970000
2.580000
2.580000
2.580000
1.970000
0.170000
0.900000
0.900000
1.800000
1.470000
2.310000
1.240000
56.790000
0.610000
0.610000
9.910000
8.310000
0.170000
2.000000
0.510000
3.540000
0.550000
0.550000
0.550000
4.200000
1.100000
3.410000
0.720000
0.720000
0.550000
2.170000
0.550000
2.000000
0.030000
0.170000
0.550000
0.170000
24.530000
1.650000
12.820000
4.320000
1.970000
1.970000
1.270000
0.550000
0.170000
21.470000
6.320000
0.170000
3.290000
2.550000
0.170000
1.100000
1.070000
0.030000
0.030000
2.470000
15.320000
1.460000
0.900000
0.170000
0.200000
0.200000
0.230000
3.730000
0.170000
1.240000
0.170000
1.270000
60.850000
0.550000
0.550000
0.890000
0.170000
0.550000
0.750000
0.720000
1.800000
0.170000
1.240000
1.070000
1.790000
0.170000
1.620000
0.550000
1.100000
0.170000
0.550000
0.550000
1.820000
3.060000
0.550000
2.510000
1.100000
67.660000
0.170000
5.930000
0.170000
0.170000
0.580000
0.170000
236.110000
0.550000
1.100000
7.560000
0.680000
26.710000
0.720000
0.890000
0.170000
0.170000
0.510000
19.100000
1084.700000
715.110000
251.780000
1.100000
0.550000
0.170000
0.170000
0.640000
2.500000
2.170000
3.790000
1.450000
0.550000
0.170000
0.260000
0.170000
0.030000
9.260000
4.520000
2.510000
0.370000
0.370000
3.850000
0.550000
1.270000
0.720000
1.450000
3.250000
7.400000
0.340000
12.730000
1.070000
0.170000
9.090000
0.510000
0.550000
4.880000
0.510000
0.340000
0.550000
15.550000
0.550000
0.900000
5.780000
2.720000
2.670000
0.550000
2.000000
3.100000
0.200000
0.900000
1.100000
0.550000
2.370000
15.020000
14.640000
1.650000
515.510000
9.920000
1.600000
1.430000
0.900000
0.170000
1.270000
38.110000
0.750000
1.450000
0.550000
9.290000
0.750000
0.550000
5.950000
2.550000
8.820000
0.170000
0.030000
0.580000
1.070000
0.340000
7.870000
0.720000
0.030000
1.170000
1.230000
5.900000
0.720000
0.720000
2.520000
0.030000
0.510000
0.510000
1.060000
0.920000
0.170000
0.510000
4.030000
0.030000
0.030000
0.720000
4.410000
0.920000
0.170000
0.900000
0.170000
6.670000
0.200000
0.550000
0.170000
0.170000
1.270000
1.960000
4.340000
174.530000
0.030000
0.340000
87.530000
4.300000
5.380000
0.170000
0.550000
1.060000
0.370000
1.170000
31.140000
2.720000
0.120000
0.170000
0.170000
0.720000
3.140000
3.440000
6.160000
35.670000
0.550000
0.170000
0.030000
1.610000
0.170000
0.580000
0.030000
0.550000
1.450000
0.900000
180.130000
12.090000
1.100000
0.340000
1.100000
0.550000
0.550000
1.620000
1.620000
1.100000
62.250000
3.470000
2.550000
3.090000
0.340000
1.130000
5.600000
0.720000
0.720000
2.340000
1.450000
0.550000
1.500000
0.890000
0.680000
4.670000
2.850000
9.600000
0.720000
119.780000
5.770000
0.340000
0.170000
1.150000
0.370000
37.320000
3.430000
0.920000
17.640000
0.830000
0.830000
11.710000
1.450000
16.170000
1.270000
15.130000
0.550000
0.900000
0.900000
0.680000
0.540000
24.050000
0.550000
24.420000
0.550000
0.550000
0.550000
0.550000
7.240000
1.800000
1.800000
0.750000
0.900000
0.890000
11.040000
4.200000
0.720000
0.900000
0.510000
0.340000
0.170000
0.170000
2.920000
1.130000
0.510000
17.540000
0.510000
0.340000
0.170000
0.930000
0.170000
0.170000
0.900000
4.450000
1.100000
0.890000
2.720000
0.170000
0.580000
1.840000
0.720000
0.750000
0.170000
1.070000
0.550000
1.440000
1.130000
4.020000
1.130000
0.170000
0.550000
0.550000
1.270000
15.160000
4.860000
3.070000
1.790000
0.170000
0.900000
2.170000
0.170000
0.170000
0.170000
4.840000
0.170000
0.200000
0.170000
3.820000
0.230000
0.900000
2.160000
4.330000
0.550000
0.550000
0.170000
0.170000
0.170000
0.230000
0.170000
1.020000
17.060000
0.550000
0.900000
0.900000
0.170000
0.170000
19.260000
33.250000
0.930000
0.550000
1.000000
1.070000
27.430000
217.760000
10.460000
1.620000
0.900000
0.400000
0.170000
0.170000
4.660000
1.100000
1.650000
0.170000
1.480000
1.100000
95.760000
15.640000
1.650000
5.990000
6.040000
0.900000
0.170000
0.550000
0.720000
0.340000
0.900000
0.720000
6.490000
0.340000
0.900000
1.940000
114.420000
4.150000
14.950000
3.790000
1.060000
2.140000
14.880000
1.650000
4.100000
1.800000
2.350000
43.340000
0.170000
18.280000
18.280000
17.730000
5.740000
5.540000
0.200000
0.030000
0.170000
0.170000
0.780000
0.680000
0.370000
1.820000
15.340000
1.410000
147.190000
13.890000
28.040000
7.980000
15.050000
1.070000
0.900000
0.170000
0.900000
0.170000
0.170000
5.050000
7.400000
0.930000
0.900000
2.200000
2.200000
2.620000
0.170000
0.550000
1.780000
0.170000
0.890000
2.670000
39.440000
5.830000
0.170000
3.850000
1.110000
2.120000
0.170000
25.190000
1.300000
0.550000
3.160000
1.360000
0.030000
0.900000
0.550000
2.320000
0.340000
1.450000
70.620000
0.720000
5.660000
0.340000
0.550000
0.550000
0.900000
64.190000
155.670000
9.050000
28.400000
0.550000
0.170000
18.880000
4.690000
20.430000
1.270000
24.960000
4.450000
0.170000
2.500000
2.390000
11.260000
1.650000
1.820000
6.110000
1.650000
0.550000
1.100000
0.550000
0.890000
0.900000
0.550000
1.440000
0.580000
1.070000
1.270000
6.640000
2.340000
2.720000
0.170000
0.170000
0.170000
1.070000
2.140000
0.550000
0.550000
0.900000
1.100000
1.450000
0.340000
3.800000
0.550000
236.380000
12.590000
1.090000
0.170000
0.340000
1.770000
0.680000
0.170000
0.060000
0.170000
16.390000
3.330000
0.170000
0.550000
0.680000
1.240000
0.600000
0.340000
0.170000
1.240000
2.350000
0.900000
9.850000
0.550000
0.550000
1.450000
1.450000
2.670000
1.100000
1.820000
0.550000
0.550000
0.550000
0.550000
0.550000
0.550000
1.620000
0.720000
0.170000
0.550000
0.170000
0.720000
32.620000
48.820000
0.550000
1.820000
0.550000
0.920000
40.180000
0.340000
0.580000
2.890000
31.710000
4.570000
1.270000
1.270000
7.760000
6.540000
34.940000
10.910000
22.200000
10.310000
1.410000
11.350000
9.000000
4.690000
4.690000
3.620000
1.330000
0.810000
1.800000
1.100000
1.100000
0.170000
0.170000
2.870000
0.170000
0.170000
1.540000
0.780000
2.180000
0.900000
0.030000
0.170000
0.370000
0.170000
0.340000
0.030000
1.100000
0.200000
0.170000
0.780000
1.000000
1.790000
1.030000
0.760000
2.170000
1.000000
1.000000
0.030000
0.030000
4.500000
2.020000
1.000000
32.790000
3.750000
0.550000
47.920000
1.820000
0.550000
0.900000
6.790000
0.720000
3.590000
1.960000
0.900000
1.960000
0.170000
0.720000
0.170000
0.550000
1.820000
1.070000
0.170000
0.930000
5.030000
1.030000
4.310000
1.450000
1.070000
10.070000
0.900000
0.900000
0.900000
0.920000
0.340000
3.610000
3.610000
0.850000
0.170000
0.170000
1.100000
3.610000
1.970000
0.170000
0.030000
2.000000
3.260000
1.820000
0.550000
0.550000
8.140000
2.000000
6.140000
1.100000
1.070000
6.140000
2.520000
0.550000
0.900000
0.900000
0.900000
1.100000
0.170000
0.720000
1.450000
0.550000
0.550000
0.550000
1.100000
0.890000
1.070000
0.340000
0.170000
0.170000
1.060000
0.170000
597.360000
7.020000
0.170000
514.390000
0.550000
0.550000
0.170000
3.250000
3.250000
1.340000
1.340000
0.720000
3.030000
1.370000
0.030000
0.170000
1.450000
0.200000
4.330000
0.550000
34.060000
0.030000
0.030000
0.170000
1.510000
0.550000
0.550000
0.910000
0.170000
1.100000
3.670000
0.720000
1.580000
0.550000
0.950000
0.170000
0.170000
0.170000
0.550000
3.600000
2.550000
12.340000
6.570000
2.140000
2.160000
413.780000
0.170000
9.050000
0.580000
6.120000
1.050000
0.890000
0.550000
0.900000
1.620000
95.840000
13.050000
0.890000
3.300000
0.890000
0.550000
0.170000
0.550000
0.890000
0.900000
1.480000
0.340000
8.090000
23.190000
7.410000
5.390000
3.430000
0.720000
0.340000
2.360000
6.700000
1.230000
3.180000
2.170000
3.610000
2.630000
2.460000
0.340000
1.440000
0.720000
1.700000
0.510000
0.510000
0.720000
4.660000
1.100000
0.890000
1.610000
0.170000
0.890000
0.550000
0.900000
0.550000
0.550000
26.810000
0.720000
1.100000
34.390000
0.550000
3.100000
25.180000
2.170000
8.910000
0.200000
0.170000
1.070000
1.100000
24.830000
4.360000
1.100000
25.900000
0.550000
1.440000
0.340000
0.030000
0.550000
0.170000
0.550000
0.170000
2.550000
0.930000
1.240000
0.170000
8.630000
1.070000
4.160000
1.060000
1.060000
0.170000
0.550000
0.170000
0.170000
0.170000
0.900000
0.170000
1.240000
5.670000
3.060000
2.570000
0.340000
7.530000
3.940000
140.890000
122.600000
18.270000
6.420000
138.710000
5.610000
5.770000
0.720000
0.550000
3.450000
0.170000
1.120000
0.720000
0.170000
0.030000
0.610000
0.580000
2.670000
1.740000
6.730000
0.890000
0.550000
5.120000
0.340000
0.900000
0.200000
0.170000
0.170000
0.170000
2.750000
0.200000
0.170000
2.920000
4.510000
0.890000
0.170000
1.070000
32.770000
0.900000
29.740000
38.540000
22.950000
0.170000
29.230000
11.010000
4.700000
3.250000
0.900000
0.900000
0.550000
4.500000
0.550000
3.600000
0.510000
1.100000
0.340000
0.720000
0.550000
0.900000
113.390000
4.330000
5.650000
0.550000
9.210000
2.900000
1.190000
1.190000
1.450000
1.450000
0.340000
18.120000
1.950000
0.030000
0.550000
3.560000
34.470000
3.200000
0.890000
1.000000
0.170000
0.900000
0.170000
1.070000
0.900000
0.900000
0.550000
3.440000
1.990000
0.550000
1.950000
0.550000
0.720000
0.580000
3.010000
0.550000
0.550000
2.170000
0.550000
0.030000
0.370000
2.510000
1.620000
0.550000
0.170000
0.580000
0.540000
0.900000
0.550000
3.620000
2.900000
0.900000
0.550000
2.000000
0.910000
3.620000
0.340000
3.790000
1.100000
1.820000
0.550000
2.140000
1.070000
1.820000
0.550000
0.550000
3.580000
6.860000
0.890000
0.550000
0.030000
1.430000
0.170000
0.030000
2.470000
30.690000
0.900000
0.900000
0.550000
8.150000
1.470000
1.300000
1.270000
0.170000
7.590000
1.800000
0.170000
1.270000
0.550000
8.120000
1.060000
2.160000
0.900000
0.170000
0.170000
0.170000
1.450000
0.550000
1.450000
1.450000
0.550000
1.440000
4.350000
0.550000
0.550000
0.340000
0.170000
0.170000
0.550000
0.690000
2.520000
0.170000
5.720000
16.360000
2.680000
1.550000
0.030000
1.100000
1.610000
7.790000
7.790000
1.100000
6.690000
0.550000
0.720000
0.170000
1.000000
1.000000
9.540000
2.910000
0.340000
2.350000
2.350000
1.100000
0.550000
1.100000
4.400000
0.900000
2.520000
99.390000
1.800000
3.600000
2.710000
0.720000
1.300000
0.170000
0.900000
0.900000
1.860000
1.800000
0.030000
0.170000
3.260000
1.270000
2.650000
0.550000
0.170000
1.100000
0.200000
1.440000
0.170000
1.100000
1.230000
0.170000
11.480000
0.550000
1.120000
1.300000
133.860000
0.550000
0.170000
1.990000
0.550000
1.450000
17.840000
1.170000
1.000000
0.170000
2.550000
0.060000
0.030000
0.030000
0.030000
1.120000
0.950000
0.930000
0.340000
10.130000
1.450000
8.680000
10.300000
0.550000
1.000000
0.550000
1.270000
0.030000
0.030000
1.270000
2.170000
0.550000
0.540000
3.060000
0.550000
0.550000
1.800000
0.550000
30.180000
12.800000
0.170000
0.350000
12.090000
0.170000
1.530000
2.220000
2.860000
0.030000
0.550000
10.550000
1.100000
0.890000
0.170000
0.720000
0.340000
0.170000
0.170000
0.030000
1.470000
1.090000
0.720000
0.550000
0.030000
0.170000
26.830000
12.560000
24.060000
57.040000
18.730000
25.360000
0.890000
0.170000
1.650000
0.550000
0.550000
7.670000
0.550000
1.100000
1.100000
0.550000
0.170000
1.100000
0.170000
3.790000
1.070000
1.100000
0.550000
0.550000
8.030000
6.010000
0.340000
0.750000
0.030000
0.580000
0.230000
532.760000
421.510000
0.720000
0.170000
0.550000
0.750000
0.170000
0.170000
0.170000
0.170000
1.640000
0.340000
0.720000
0.170000
1.070000
9.350000
3.950000
0.900000
0.170000
0.170000
0.550000
0.720000
47.930000
910.710000
0.900000
1.550000
324.910000
76.210000
1.620000
1.800000
2.310000
0.890000
0.720000
10.580000
2.270000
0.340000
7.010000
0.550000
1.400000
9.640000
3.150000
5.630000
0.170000
0.170000
1.790000
0.170000
0.170000
0.340000
8.630000
2.200000
0.170000
4.130000
0.720000
9.080000
1.000000
8.510000
1.270000
2.170000
3.960000
1.240000
0.720000
63.180000
2.900000
0.030000
0.170000
1.990000
0.550000
0.170000
0.200000
0.170000
19.980000
0.720000
2.560000
0.170000
0.550000
0.720000
0.170000
0.550000
0.550000
2.340000
0.170000
1.270000
1.820000
2.050000
4.370000
1.820000
1.610000
0.550000
0.550000
4.200000
4.720000
0.170000
11.470000
19.100000
0.550000
2.370000
34.450000
0.550000
0.550000
0.340000
0.720000
0.340000
1.100000
0.550000
0.170000
0.170000
1.610000
34.490000
0.170000
17.110000
0.550000
1.360000
604.620000
8.630000
1.060000
0.850000
1.780000
0.580000
3.300000
0.170000
1.620000
1.240000
1.240000
0.550000
0.550000
85.650000
0.200000
1.800000
3.790000
1.100000
1.450000
0.550000
0.900000
256.630000
2.170000
2.330000
1.270000
0.890000
0.720000
64.190000
0.170000
0.170000
0.550000
0.890000
0.170000
2.170000
0.720000
1.070000
20.100000
1.990000
4.120000
4.160000
3.060000
1.470000
25.530000
0.230000
0.030000
0.030000
1.330000
0.550000
0.890000
18.530000
0.540000
0.200000
0.170000
3.400000
3.100000
457.240000
0.550000
14.550000
0.550000
0.550000
0.580000
1.650000
1.100000
0.030000
0.890000
7.540000
0.900000
1.410000
1.450000
0.170000
0.170000
0.170000
0.170000
0.170000
1.230000
15.490000
55.880000
0.170000
0.030000
192.220000
2.500000
0.550000
1.860000
0.060000
2.010000
0.170000
0.610000
96.590000
0.900000
0.900000
0.900000
0.200000
0.060000
1.000000
0.170000
0.890000
0.170000
5.250000
0.550000
5.250000
1.100000
61.150000
0.550000
1.800000
0.900000
1.620000
0.720000
0.900000
0.170000
1.800000
0.200000
0.720000
2.170000
0.900000
0.170000
0.550000
0.900000
1.070000
0.900000
37.700000
3.870000
0.550000
0.170000
0.170000
0.170000
1.070000
0.170000
1.440000
0.580000
0.900000
0.170000
0.170000
0.170000
24.800000
2.900000
0.030000
0.170000
1.790000
1.650000
0.170000
1.800000
0.170000
0.550000
0.900000
0.550000
0.550000
0.550000
0.170000
0.170000
0.170000
0.170000
2.170000
0.170000
0.720000
0.720000
0.170000
2.170000
0.170000
1.450000
0.550000
0.550000
0.170000
0.030000
0.550000
0.900000
11.110000
0.170000
0.720000
0.900000
0.900000
1.790000
2.000000
0.550000
1.080000
0.060000
0.550000
0.900000
1.070000
2.550000
0.510000
1.800000
1.270000
0.030000
0.030000
1.100000
0.550000
0.170000
1.080000
1.440000
0.170000
1.100000
39.980000
5.860000
0.170000
11.010000
34.030000
0.740000
0.900000
13.790000
13.790000
33.710000
0.550000
2.350000
1.820000
0.550000
0.550000
4.880000
7.100000
1.450000
4.340000
1.070000
15.850000
7.960000
1.100000
3.420000
1.650000
2.700000
3.240000
1.550000
11.950000
29.730000
7.640000
6.520000
0.890000
5.150000
2330.690000
2.840000
1.100000
0.550000
1.650000
46.910000
0.900000
0.170000
0.170000
0.720000
1.270000
24.050000
1.240000
0.720000
72.780000
1.000000
0.550000
2.900000
0.340000
2.670000
228.200000
166.080000
2.550000
0.370000
0.580000
15.640000
5.160000
0.170000
0.580000
31.130000
4.350000
1.070000
1.270000
0.550000
28.400000
24.440000
1.270000
1.240000
0.170000
9.850000
9.070000
2.000000
0.200000
2.170000
2.540000
2.920000
0.720000
1.270000
1.070000
2.000000
141.700000
88.900000
0.200000
2.540000
99.390000
37.460000
16.270000
4.520000
4.520000
2.550000
2.500000
2.500000
0.030000
0.550000
9.350000
82.240000
57.780000
26.580000
0.720000
1.410000
3.600000
1.100000
1.100000
1.620000
1.450000
0.720000
129.270000
0.340000
1.610000
0.720000
1.400000
0.920000
0.550000
0.550000
2.380000
2.540000
0.170000
1.880000
1.170000
0.200000
4.280000
1.100000
1.450000
22.390000
1238.480000
862.220000
295.580000
227.930000
18.630000
99.880000
39.010000
49.380000
3.420000
3.070000
0.720000
95.670000
5.780000
17.640000
1.070000
6.720000
0.550000
47.930000
4.890000
0.720000
0.030000
1.650000
3.260000
0.170000
0.340000
0.900000
0.170000
2.750000
39.930000
4.950000
13.440000
2.330000
18.260000
3.270000
4.870000
0.900000
1.850000
0.900000
1.620000
0.370000
0.720000
7.420000
34.280000
1.400000
1.960000
1.810000
1.270000
11.980000
0.550000
0.720000
2.720000
7.100000
20.060000
1.800000
0.340000
1.270000
0.170000
0.170000
1.800000
8.280000
1.780000
5.990000
12.020000
0.170000
1.000000
135.580000
357.330000
3.260000
0.320000
0.030000
0.170000
0.170000
48.470000
0.720000
0.720000
0.550000
1.100000
0.550000
0.900000
144.080000
0.900000
0.030000
34.990000
34.990000
1.650000
1.450000
2.690000
0.720000
1.230000
0.170000
3.790000
1.620000
1.800000
0.550000
0.900000
1.300000
1.070000
2.030000
0.030000
0.900000
2.520000
0.550000
1.070000
0.900000
0.900000
13.620000
13.620000
6.390000
1.650000
1.650000
0.170000
1.620000
0.720000
0.720000
0.900000
4.340000
2.350000
2.830000
0.460000
2.460000
1.290000
13.250000
1.270000
0.550000
9.810000
0.900000
0.550000
0.340000
3.250000
5.800000
0.340000
1.850000
2.260000
22.910000
0.550000
2.510000
1.790000
1.450000
0.900000
0.550000
3.440000
4.000000
0.550000
1.650000
1.620000
3.440000
0.720000
1.970000
1.450000
0.510000
0.170000
0.170000
41.140000
6.530000
7.040000
29.420000
55.960000
2.720000
10.510000
5.720000
17.520000
19.860000
0.900000
0.550000
4.470000
10.080000
21.760000
3.410000
7.240000
0.170000
1.100000
3.990000
0.170000
3.820000
0.290000
0.060000
0.170000
6.890000
63.330000
8.130000
330.700000
14.470000
22.010000
42.990000
0.550000
3.430000
3.240000
2.520000
5.830000
2.120000
0.550000
1.650000
0.900000
6.590000
17.780000
4.840000
22.570000
0.030000
38.660000
36.800000
2.630000
1.450000
0.370000
0.900000
11.150000
10.510000
1.520000
3.630000
0.550000
1.470000
0.720000
0.550000
19.590000
725.080000
1.840000
1.790000
3.940000
21.560000
1.970000
1.790000
10.650000
2.470000
0.720000
0.550000
0.550000
117.990000
1.450000
6.660000
0.170000
0.170000
0.170000
0.170000
10.490000
9.900000
1.790000
48.740000
78.000000
42.520000
1.410000
3.360000
2.260000
0.780000
3.960000
1.060000
1.070000
3.970000
0.580000
2.000000
1.450000
12.800000
0.720000
35.320000
20.050000
37.680000
2.710000
220.560000
3.640000
0.340000
1.450000
5.030000
32.570000
5.200000
1.070000
1.620000
0.170000
15.190000
5.400000
25.600000
16.080000
1.810000
0.200000
1.810000
0.920000
2.900000
6.890000
1.270000
2.170000
0.900000
0.550000
0.340000
0.720000
11.270000
0.550000
4.000000
8.110000
1.450000
6.660000
0.720000
4.130000
0.970000
0.400000
4.790000
0.540000
1.900000
4.510000
11.020000
3.910000
36.520000
0.030000
3.790000
1.450000
33.100000
5.770000
5.040000
6.870000
0.550000
0.170000
0.170000
0.030000
116.040000
0.900000
0.170000
0.170000
0.340000
0.170000
0.170000
0.900000
0.170000
0.170000
0.550000
92.300000
207.400000
6.300000
0.170000
8.820000
5.400000
22.750000
2.240000
2.870000
28.890000
0.170000
0.170000
12.170000
6.680000
3.990000
4.540000
5.240000
0.170000
10.690000
1.090000
6.080000
4.970000
1.770000
1.810000
0.550000
0.170000
9.840000
1.680000
1.450000
30.720000
22.070000
0.550000
1.350000
51.840000
2.810000
0.170000
2.760000
2.210000
31.370000
31.570000
23.690000
4.490000
24.990000
211.690000
4.060000
20.540000
0.340000
641.380000
3.130000
1.060000
0.030000
1.650000
1.270000
1.450000
33.270000
2.500000
0.720000
15.960000
11.900000
14.860000
1.800000
0.200000
52.530000
14.510000
13.700000
0.340000
3.690000
0.120000
3.590000
2.690000
26.670000
9.380000
1.610000
1.540000
2.130000
1.250000
4.540000
31.450000
0.720000
2.910000
13.160000
5.600000
0.370000
4.730000
1.000000
1.060000
2.140000
5.920000
1.070000
1.620000
0.710000
5.360000
6.420000
1.230000
11.520000
4.460000
5.060000
0.200000
3.430000
10.780000
10.360000
0.580000
0.720000
0.200000
1.100000
1.270000
0.550000
21.430000
1.400000
85.620000
0.900000
0.340000
8.220000
1.610000
9.400000
25.450000
0.170000
20.200000
4.360000
2.350000
7.030000
0.720000
0.890000
11.360000
4.030000
4.660000
9.560000
1.440000
13.050000
3.360000
1.410000
0.370000
0.170000
11.670000
66.410000
23.560000
2.900000
2.550000
0.900000
3.920000
1.130000
3.270000
9.540000
14.020000
3.030000
1.070000
0.170000
0.170000
21.620000
22.580000
2.350000
0.200000
9.420000
4.860000
6.500000
27.880000
5.220000
1.450000
1.640000
0.340000
1.100000
45.800000
5.800000
5.800000
3.230000
17.650000
26.160000
0.900000
8.500000
14.260000
18.250000
6.820000
23.640000
1.070000
1.240000
0.340000
4.520000
13.050000
3.070000
7.150000
8.790000
5.950000
9.690000
63.760000
1.890000
0.370000
4.690000
1.100000
2.300000
31.750000
167.980000
34.840000
2.510000
47.400000
11.770000
9.670000
1.620000
1.650000
41.580000
5.930000
6.010000
0.170000
5.480000
4.100000
35.370000
0.580000
8.320000
5.350000
5.390000
11.910000
0.200000
202.290000
5.000000
11.070000
6.100000
10.680000
1.030000
6.480000
8.080000
3.240000
30.790000
2.330000
7.170000
12.470000
1.470000
8.620000
1.070000
4.880000
5.400000
4.990000
12.230000
7.780000
0.640000
1.800000
148.960000
8.850000
0.720000
2.940000
8.840000
11.590000
0.030000
3.280000
1.270000
6.330000
1.620000
20.350000
91.980000
0.550000
1.100000
1.450000
1.790000
0.170000
1.070000
1.060000
1.100000
2.190000
3.420000
6.620000
13.330000
0.170000
3.780000
8.960000
1.620000
5.220000
1.620000
4.330000
3.070000
3.610000
2.500000
6.060000
22.230000
18.460000
18.780000
5.800000
0.170000
84.650000
0.900000
2.750000
2.600000
0.720000
4.300000
0.030000
135.820000
70.020000
0.900000
1.790000
2.350000
1.100000
6.450000
0.340000
1.100000
4.480000
1.450000
0.900000
183.610000
84.770000
9.050000
0.890000
0.900000
6.790000
400.830000
77.290000
1.090000
0.170000
3.200000
5.870000
1.060000
0.550000
0.550000
0.900000
2.920000
1.000000
0.030000
0.720000
0.550000
1.270000
4.890000
1.800000
0.900000
2.300000
3.000000
0.900000
8.410000
207.280000
94.820000
20.280000
0.890000
0.890000
23.520000
2.550000
11.120000
7.930000
0.900000
0.200000
2.160000
11.680000
0.030000
2.950000
0.030000
0.900000
73.760000
28.690000
74.630000
10.050000
16.620000
3.150000
14.830000
47.450000
5.270000
3.340000
1.450000
0.900000
0.340000
1.270000
0.340000
41.880000
0.580000
0.550000
0.340000
9.320000
9.100000
5.140000
0.680000
0.170000
1.070000
3.220000
0.170000
9.400000
0.890000
10.440000
37.850000
0.170000
7.200000
3.640000
1.170000
1.240000
0.030000
0.170000
2.160000
0.550000
2.870000
0.750000
7.470000
7.620000
0.170000
1.970000
0.550000
1.800000
0.890000
5.260000
1.800000
0.720000
2.000000
1.270000
1.070000
0.030000
5.390000
0.170000
1.330000
0.580000
120.710000
0.290000
0.290000
3.400000
0.580000
4.710000
4.700000
1.900000
0.170000
64.950000
13.300000
0.170000
1.800000
219.330000
41.140000
1.800000
0.900000
0.550000
0.550000
3.240000
0.900000
1.620000
1.620000
0.900000
0.170000
0.550000
0.550000
1.800000
1.270000
2.550000
1.100000
1.000000
0.170000
0.550000
10.600000
11.780000
22.880000
17.200000
1.650000
1.650000
0.550000
0.550000
0.170000
39.480000
0.680000
0.550000
1.270000
1.270000
0.170000
1.100000
0.900000
0.170000
0.170000
0.900000
0.900000
1.070000
0.900000
0.170000
0.900000
0.030000
0.170000
0.170000
0.900000
0.170000
0.550000
0.550000
0.200000
1.790000
0.720000
1.650000
1.830000
0.920000
0.770000
0.550000
0.170000
2.550000
3.450000
2.070000
0.580000
0.230000
0.030000
4.340000
1.800000
37.210000
1.070000
3.270000
3.450000
4.180000
0.900000
0.720000
0.170000
0.170000
0.170000
0.030000
0.060000
0.340000
0.900000
0.340000
0.610000
0.170000
0.900000
0.900000
0.550000
0.550000
0.170000
0.550000
2.670000
23.800000
0.580000
0.580000
2.000000
0.170000
0.550000
0.550000
4.350000
4.350000
1.100000
0.550000
0.550000
0.550000
0.550000
0.550000
0.550000
0.550000
0.550000
0.550000
0.550000
0.550000
0.550000
3.250000
0.550000
0.550000
0.550000
0.550000
0.550000
0.550000
0.170000
6.650000
2.800000
1.800000
1.240000
0.900000
0.930000
0.900000
4.540000
7.010000
0.580000
2.230000
1.450000
0.170000
12.790000
3.070000
0.170000
0.030000
1.100000
0.170000
0.890000
60.240000
0.170000
0.550000
2.050000
0.720000
0.720000
3.700000
8.860000
56.800000
